disease -> (2, 1), (41, 1)
male -> (33, 1)
alvi -> (82, 1)
mode -> (82, 1)
believe -> (70, 1), (71, 1)
animenfo -> (46, 1)
seele -> (24, 1)
consid -> (20, 1), (49, 1)
manage -> (21, 1), (57, 1), (77, 1)
catherina -> (19, 1)
globe -> (64, 1)
little -> (1, 2), (16, 1), (21, 1), (27, 1), (54, 1), (55, 1)
frequently -> (89, 1)
perfect -> (7, 1), (37, 1)
wick -> (12, 1)
urd -> (32, 1)
done -> (31, 1)
rescue -> (60, 1)
tough -> (94, 1)
aim -> (9, 1), (14, 1), (51, 1)
expense -> (42, 1)
desk -> (48, 1)
tsukushi -> (91, 1)
expir -> (73, 1)
delinqu -> (15, 1), (99, 1)
sia -> (62, 1)
koyuki -> (40, 5)
style -> (95, 1)
wak -> (46, 1)
designat -> (47, 1)
play -> (6, 2), (7, 1), (8, 4), (13, 1), (31, 2), (40, 1), (62, 1), (76, 1), (96, 1)
gain -> (17, 1), (18, 1), (38, 1), (63, 1), (64, 1), (78, 1), (95, 1), (96, 1)
teach -> (42, 1), (47, 1), (50, 1), (88, 1)
releas -> (10, 1), (47, 1)
cowboy -> (1, 2)
conjur -> (93, 1)
engage -> (70, 1), (71, 1)
saburo -> (21, 1)
expect -> (54, 1), (55, 1), (86, 1)
sin -> (28, 1)
well -> (1, 1), (10, 1), (20, 1), (43, 1), (44, 1), (58, 1), (74, 1), (76, 1), (88, 1)
convey -> (15, 1)
explore -> (31, 1)
whim -> (7, 1)
feet -> (90, 1)
ambit -> (75, 1)
gritty -> (25, 1)
flatt -> (3, 1)
tokugawa -> (29, 1), (51, 2)
posit -> (10, 2)
shy -> (6, 1)
awkward -> (33, 1)
son -> (82, 1)
truly -> (83, 1)
sport -> (90, 1)
town -> (10, 1), (86, 3), (92, 2)
nerine -> (62, 1)
boister -> (1, 1)
spread -> (2, 1), (10, 1), (40, 1)
vari -> (26, 1), (57, 1), (58, 1)
mochi -> (88, 4)
mak -> (20, 2), (54, 1), (55, 1), (94, 1)
rui -> (91, 1)
drast -> (86, 1)
ar -> (10, 1)
dispos -> (17, 1), (18, 1)
watch -> (29, 1)
compl -> (15, 1)
japanese -> (20, 2), (21, 1), (28, 1), (47, 2), (59, 1)
berserk -> (25, 1)
flour -> (42, 1)
buffoon -> (3, 1)
handsome -> (90, 1)
join -> (5, 1), (8, 2), (41, 1), (54, 1), (55, 1), (73, 1), (77, 1), (90, 1)
polit -> (72, 2)
apocalypt -> (16, 1)
pain -> (7, 1), (50, 1)
enemy -> (24, 1), (54, 2), (55, 2), (59, 1), (63, 1), (75, 1), (85, 1)
menace -> (43, 2), (44, 2)
rais -> (54, 1), (55, 1), (60, 1)
sworn -> (29, 1)
exerc -> (21, 1)
dream -> (5, 1), (7, 1), (8, 1), (12, 1), (13, 1), (20, 2), (40, 1), (46, 3), (60, 1), (82, 1), (85, 1), (93, 2), (94, 1), (98, 1)
nicknam -> (7, 1), (25, 1)
fluid -> (82, 2)
fatale -> (1, 1)
rath -> (12, 1), (33, 1), (99, 1)
agon -> (3, 1)
feath -> (92, 1), (93, 1)
enslav -> (27, 1)
branch -> (43, 1), (44, 1)
rewrite -> (1, 1), (2, 1), (3, 1), (10, 1), (11, 1), (12, 1), (15, 1), (16, 1), (22, 1), (23, 1), (24, 1), (25, 1), (26, 1), (27, 1), (28, 1), (30, 1), (31, 1), (33, 1), (40, 1), (42, 1), (43, 1), (44, 1), (45, 1), (48, 1), (49, 1), (50, 1), (51, 1), (52, 1), (54, 1), (55, 1), (57, 1), (58, 1), (60, 1), (63, 1), (64, 1), (65, 1), (67, 1), (68, 1), (69, 1), (70, 1), (71, 1), (72, 1), (73, 1), (74, 1), (75, 1), (77, 1), (78, 1), (79, 1), (80, 1), (81, 1), (82, 1), (85, 1), (86, 1), (99, 1)
whisk -> (22, 1)
excit -> (12, 1)
lust -> (16, 1), (25, 1)
iii -> (30, 1)
left -> (16, 1), (24, 2), (36, 1), (79, 1), (80, 1)
manag -> (9, 1), (42, 1), (96, 1)
legend -> (3, 1), (13, 1), (16, 1), (22, 1), (28, 1), (42, 1), (48, 1), (95, 1)
trait -> (64, 1), (66, 1), (77, 1)
aion -> (43, 1), (44, 1)
slave -> (47, 1), (57, 1)
domon -> (81, 4)
turn -> (6, 1), (25, 1), (33, 1), (36, 2), (37, 1), (45, 1), (52, 1), (79, 2), (80, 2), (86, 1), (87, 1), (88, 1)
bakumatsu -> (28, 1)
docu -> (66, 1)
italy -> (4, 1)
explode -> (2, 1)
chrno -> (43, 3), (44, 3)
spurr -> (68, 1)
luffy -> (12, 3)
indecis -> (24, 1)
aboard -> (1, 1)
orb -> (93, 1)
adept -> (88, 1)
dominat -> (75, 1)
ieyasu -> (51, 2)
era -> (25, 1), (28, 1), (77, 1), (78, 1), (95, 3)
plenty -> (84, 1)
worry -> (58, 1)
hachimitsu -> (7, 1)
traverse -> (3, 1)
harada -> (45, 1)
fiancee -> (36, 1)
self -> (7, 1), (21, 1), (90, 1), (94, 1)
bloom -> (46, 2)
prodigy -> (13, 1), (50, 1)
heim -> (79, 1), (80, 1)
sphere -> (72, 1), (74, 1)
box -> (14, 3), (48, 1)
kenji -> (15, 2)
easily -> (16, 1)
contest -> (13, 1)
beet -> (5, 4)
he -> (58, 1), (86, 1)
neon -> (22, 1), (24, 1)
yula -> (78, 1)
touch -> (50, 1)
coloni -> (69, 1), (72, 1), (74, 4), (75, 1), (76, 2), (77, 1), (81, 2)
valca -> (82, 1)
warn -> (61, 1)
simple -> (7, 2)
collapse -> (17, 1), (18, 1)
denki -> (25, 1)
aina -> (64, 1)
industri -> (100, 1)
d -> (28, 1), (99, 2)
attempt -> (1, 1), (3, 1), (24, 1), (30, 1), (31, 1), (57, 1), (58, 1), (67, 1), (86, 1)
doubt -> (45, 1), (85, 1)
boil -> (99, 1)
background -> (19, 1), (42, 1), (83, 1)
food -> (32, 1), (41, 1)
kippei -> (87, 3)
retain -> (67, 1)
import -> (37, 1)
wufei -> (75, 1)
accid -> (30, 1), (32, 1), (33, 1), (60, 1), (96, 1), (100, 1)
electron -> (35, 1)
stake -> (2, 1), (57, 1)
cybernet -> (26, 1)
crash -> (47, 1), (70, 1), (71, 1), (74, 1)
ann -> (4, 1), (8, 1), (14, 1), (21, 1), (29, 1), (37, 1), (38, 1), (56, 1), (59, 1), (66, 1), (84, 1), (91, 1), (96, 1), (97, 1), (98, 1), (100, 1)
intimidat -> (50, 1)
infiltrat -> (65, 2)
people -> (5, 2), (12, 1), (16, 2), (46, 1), (59, 1), (72, 1), (77, 1), (79, 2), (80, 2), (86, 1)
neighborhood -> (36, 1)
pres -> (24, 1), (28, 1), (49, 1), (62, 1)
due -> (2, 1), (26, 1), (66, 1), (85, 1)
glamour -> (40, 1)
illu -> (46, 1)
sup -> (95, 1)
instinct -> (21, 1)
univers -> (63, 1), (64, 1), (67, 1), (68, 1), (69, 1), (70, 1), (71, 1), (72, 1), (73, 1), (75, 1)
unleash -> (30, 1), (81, 1)
quo -> (72, 1)
extreme -> (52, 1)
mistake -> (76, 1)
unders -> (6, 1)
neighb -> (62, 1), (65, 1)
reache -> (2, 1)
redeem -> (45, 1)
remark -> (54, 1), (55, 1), (92, 1)
idol -> (46, 1)
without -> (16, 1), (34, 1), (41, 1), (54, 1), (55, 1), (61, 1)
homage -> (1, 1)
respect -> (95, 1)
select -> (23, 1)
pati -> (10, 1)
cost -> (3, 1), (16, 1), (49, 1), (69, 1)
bumpy -> (87, 1)
damage -> (43, 1), (44, 1)
odd -> (52, 1)
kamiyama -> (99, 1)
sev -> (1, 1), (9, 1), (31, 1), (74, 1), (76, 1), (85, 1), (96, 1)
glob -> (26, 1), (37, 1), (96, 1), (98, 1)
saya -> (52, 2)
sdf -> (21, 1)
train -> (14, 1), (19, 1), (21, 1), (36, 1), (52, 4), (58, 1), (84, 1)
f -> (5, 2), (7, 1), (22, 1), (24, 1), (25, 1), (27, 1), (48, 1), (51, 1), (52, 1), (59, 1), (60, 3), (61, 2), (66, 1), (70, 1), (71, 1), (74, 2), (77, 1), (84, 1), (88, 1)
convict -> (10, 1), (93, 1)
monst -> (5, 1), (10, 1), (38, 1), (97, 2)
monopoly -> (82, 1)
trowa -> (75, 1)
lack -> (17, 1), (18, 1), (87, 1), (96, 1)
coex -> (62, 1)
fresh -> (20, 2)
least -> (16, 1)
sunabouzu -> (16, 3)
prank -> (85, 1)
strongest -> (5, 1), (12, 1)
large -> (16, 1), (30, 1), (73, 1), (85, 1)
isle -> (59, 1)
doct -> (10, 2)
chacha -> (88, 3)
stream -> (82, 1), (89, 1)
pharmaceut -> (2, 1)
newbie -> (35, 1)
posses -> (54, 1), (55, 1)
j -> (4, 3), (92, 4), (93, 1)
sakai -> (8, 1)
confu -> (45, 1)
sara -> (34, 1)
ste -> (45, 1), (65, 1), (67, 1), (68, 1), (69, 1), (77, 1), (78, 1), (92, 1), (93, 1)
rivalri -> (15, 1)
happy -> (29, 1)
mariemaia -> (75, 3)
k -> (12, 2), (62, 2), (67, 1), (92, 1), (93, 1)
m -> (1, 1), (2, 2), (3, 1), (10, 1), (11, 1), (12, 2), (15, 1), (16, 1), (22, 1), (23, 1), (24, 1), (25, 1), (26, 1), (27, 1), (28, 1), (30, 1), (31, 1), (33, 1), (39, 2), (40, 1), (42, 1), (43, 1), (44, 1), (45, 1), (48, 1), (49, 1), (50, 1), (51, 1), (52, 1), (54, 1), (55, 1), (57, 1), (58, 1), (60, 1), (63, 1), (64, 2), (65, 1), (66, 1), (67, 1), (68, 1), (69, 1), (70, 1), (71, 1), (72, 1), (73, 1), (74, 1), (75, 1), (77, 1), (78, 1), (79, 1), (80, 1), (81, 1), (82, 1), (85, 1), (86, 1), (99, 1)
amount -> (7, 1), (12, 1), (89, 1), (92, 1)
vatican -> (19, 3)
triumph -> (81, 1)
enact -> (47, 1)
cell -> (41, 1)
wrong -> (32, 1), (41, 1)
sett -> (84, 1)
wake -> (31, 1)
athrun -> (78, 3)
logia -> (61, 1)
continu -> (43, 1), (44, 1), (59, 1), (79, 1), (80, 1)
el -> (83, 1)
stay -> (28, 1), (33, 2), (47, 1), (86, 3)
rozencreuz -> (19, 1)
rin -> (62, 4)
old -> (4, 1), (12, 1), (20, 1), (22, 1), (32, 1), (34, 1), (35, 1), (40, 3), (42, 1), (46, 1), (50, 1), (54, 1), (55, 1), (58, 1), (63, 1), (65, 1), (68, 1), (69, 1), (76, 2), (85, 1), (86, 1), (87, 1)
backwat -> (59, 1)
team -> (1, 1), (2, 1), (6, 4), (8, 1), (9, 3), (13, 3), (41, 1), (43, 1), (44, 1), (64, 2), (65, 2), (66, 1), (88, 1)
carry -> (5, 1), (47, 1)
bad -> (52, 1)
lifestyle -> (28, 1), (54, 1), (55, 1)
def -> (94, 1)
shrine -> (32, 1)
mountain -> (88, 5)
kyoichi -> (90, 1)
nickname -> (6, 1)
princes -> (85, 2)
somewhat -> (58, 1)
riv -> (6, 1), (9, 1), (14, 2), (30, 1), (95, 1)
shanghai -> (95, 1)
r -> (7, 1), (47, 1), (52, 1), (67, 1), (91, 1)
weaknes -> (16, 1)
task -> (43, 1), (44, 1), (64, 1), (65, 1), (68, 1), (72, 1), (87, 1)
meiji -> (27, 1), (28, 1)
hid -> (67, 1)
takumi -> (7, 2), (9, 2), (21, 1)
stepfamily -> (85, 1)
role -> (14, 1), (49, 1), (52, 1), (53, 1), (81, 1)
perform -> (10, 4), (92, 1)
decl -> (76, 1)
brought -> (12, 2), (19, 1), (23, 1), (83, 1)
emerg -> (40, 1), (69, 1), (75, 1)
publ -> (3, 1), (26, 1), (73, 1)
edge -> (53, 2), (54, 1), (55, 1)
utopia -> (37, 1)
bloody -> (41, 1), (43, 1), (44, 1), (51, 1)
sprung -> (76, 1)
greatest -> (12, 1), (23, 1), (35, 1), (45, 1), (88, 1)
kaido -> (41, 1)
ask -> (8, 1), (36, 1), (48, 1), (60, 1), (85, 1), (94, 1)
obses -> (3, 1), (50, 1)
organo -> (17, 3), (18, 3)
clown -> (30, 1)
someth -> (48, 2), (53, 2), (84, 1), (88, 2)
burn -> (11, 1)
mihama -> (50, 1)
childr -> (36, 1), (39, 1)
murd -> (27, 1), (81, 1)
destinat -> (36, 1), (75, 1)
heart -> (1, 1), (15, 1), (27, 2), (28, 1), (52, 1), (58, 1), (60, 1), (87, 1), (90, 1)
subject -> (17, 1), (18, 1), (73, 1)
rich -> (91, 1)
construct -> (41, 1)
middle -> (23, 1), (45, 1), (59, 1), (68, 1), (82, 1)
ein -> (1, 1), (2, 1)
serve -> (7, 1), (24, 1), (47, 1)
immigr -> (10, 1), (73, 1)
firmly -> (70, 1), (71, 1)
natsume -> (58, 1)
fall -> (7, 2), (51, 1), (54, 1), (55, 1), (91, 1)
earli -> (64, 1)
kadomatsu -> (21, 2)
reluct -> (70, 1), (71, 1), (96, 1)
cromartie -> (99, 1)
rampage -> (11, 1)
forefath -> (16, 1)
justice -> (27, 1), (81, 1)
beij -> (95, 1)
rome -> (19, 1)
jindai -> (56, 1)
collect -> (1, 1), (17, 1), (18, 1), (48, 1), (49, 1), (60, 2)
devilbat -> (6, 1)
partn -> (1, 1), (43, 1), (44, 1), (49, 1), (92, 1), (93, 1)
transf -> (50, 1), (53, 1), (58, 1)
eat -> (20, 1), (46, 1)
week -> (56, 1)
knowledge -> (54, 2), (55, 2), (87, 1), (88, 1), (96, 1)
eyeshield -> (6, 2)
promin -> (13, 1)
amalgam -> (57, 1)
toughest -> (99, 1)
grad -> (60, 1)
aftermath -> (76, 1)
shoutar -> (30, 2)
stn -> (4, 5)
lunch -> (46, 1)
curr -> (30, 1), (82, 1)
ruin -> (16, 1), (22, 1)
milly -> (3, 1)
laid -> (49, 1)
winn -> (48, 1), (51, 1), (75, 1)
champopn -> (14, 1)
shelt -> (77, 1)
complex -> (93, 1)
security -> (26, 1), (92, 1)
long -> (16, 2), (27, 1), (38, 1), (45, 1), (58, 1), (67, 1), (70, 1), (71, 1), (73, 1), (76, 1), (86, 1)
change -> (10, 1), (12, 1), (13, 1), (15, 1), (40, 1), (43, 1), (44, 1), (52, 1), (57, 1), (88, 1), (90, 2)
christoph -> (43, 1), (44, 1)
reign -> (73, 1), (81, 1)
inevit -> (78, 1)
stryfe -> (3, 1)
hamilton -> (82, 1)
full -> (9, 1), (15, 1), (27, 1), (64, 1), (89, 1), (99, 1)
los -> (1, 1), (10, 1), (17, 1), (18, 1), (41, 1), (69, 1), (77, 1), (95, 1)
fascinat -> (65, 1)
beset -> (58, 1)
lett -> (7, 1), (21, 1)
shift -> (26, 1)
relena -> (74, 1), (75, 1)
leafe -> (85, 2)
crimson -> (31, 2)
pragmat -> (1, 1)
liquid -> (82, 1)
show -> (20, 1), (35, 1), (86, 2)
weak -> (28, 1), (64, 1), (95, 1)
control -> (4, 1), (17, 2), (18, 2), (53, 1), (73, 1), (77, 1), (89, 1)
captain -> (6, 1), (70, 1), (71, 1)
treasure -> (12, 2), (59, 1)
relat -> (15, 1), (33, 1), (45, 1), (46, 1), (89, 1)
fe -> (27, 1), (28, 1), (49, 1), (92, 1)
ensign -> (64, 1), (66, 1)
mudo -> (34, 1)
doll -> (35, 1), (39, 3), (48, 4), (49, 4), (50, 1), (79, 2), (80, 2)
understand -> (53, 1)
dropp -> (47, 1), (76, 1)
peacecraft -> (74, 1), (75, 1)
replace -> (26, 1)
mirai -> (21, 2)
intrigu -> (12, 1)
individuality -> (24, 1)
quintessenti -> (85, 1)
ragtag -> (1, 1), (2, 1)
arika -> (84, 2)
york -> (43, 1), (44, 1)
although -> (33, 1), (49, 1), (61, 1), (74, 1), (85, 1)
insult -> (95, 1)
prep -> (10, 1), (34, 1)
silvana -> (82, 1)
rock -> (40, 4)
govern -> (12, 1), (30, 3), (47, 1), (58, 1), (63, 1), (72, 1), (94, 1)
monkey -> (12, 1)
mount -> (2, 1)
stampede -> (3, 1)
sweep -> (90, 1)
desire -> (7, 1), (11, 1), (15, 1), (27, 1), (78, 1)
sol -> (1, 2), (98, 1)
help -> (28, 1), (33, 1), (34, 1), (40, 1), (48, 1), (60, 1), (75, 1), (76, 1), (86, 1), (96, 1), (97, 1)
strangest -> (50, 1)
moreov -> (82, 1)
evid -> (10, 1)
walk -> (15, 1), (42, 1), (48, 1)
fill -> (50, 1)
already -> (54, 1), (55, 1)
deaf -> (52, 1)
flirt -> (87, 1)
became -> (4, 1), (20, 1), (31, 1)
body -> (26, 1), (53, 1), (63, 1)
thingy -> (100, 1)
anonym -> (21, 1)
remarriage -> (85, 1)
crit -> (37, 1)
safely -> (54, 1), (55, 1)
strong -> (12, 1), (13, 1), (26, 1), (28, 1), (60, 1)
in -> (64, 1)
journey -> (86, 1), (95, 1)
attain -> (10, 1)
shadow -> (8, 1), (13, 1)
respond -> (76, 1)
force -> (16, 1), (21, 1), (25, 1), (54, 1), (55, 1), (64, 2), (65, 2), (68, 2), (73, 1), (76, 2), (78, 2), (79, 2), (80, 2), (94, 1)
alia -> (31, 1)
weaponry -> (54, 1), (55, 1)
atmosph -> (74, 1)
guerilla -> (64, 1)
idly -> (49, 1)
effectively -> (92, 1)
shogun -> (29, 1), (51, 3)
ich -> (17, 4), (18, 4)
cold -> (58, 1)
lecher -> (90, 1)
drama -> (22, 1)
trigg -> (23, 1)
econom -> (72, 1)
hagoromo -> (89, 1)
salvat -> (17, 1), (18, 1)
achieve -> (40, 1), (70, 1), (71, 1)
acces -> (78, 1)
regard -> (52, 1), (58, 1)
shinbo -> (60, 1)
prom -> (12, 1), (31, 1), (46, 1)
corrid -> (99, 1)
gang -> (30, 1)
avoid -> (3, 1), (21, 1), (31, 1), (50, 1), (79, 1), (80, 1)
bebop -> (1, 2), (2, 2)
equipp -> (54, 1), (55, 1)
mercenari -> (25, 1), (94, 1)
young -> (5, 2), (10, 1), (13, 1), (17, 2), (18, 2), (19, 1), (22, 1), (23, 1), (25, 1), (27, 2), (30, 1), (31, 1), (34, 1), (38, 1), (40, 2), (42, 1), (43, 1), (44, 1), (59, 1), (62, 1), (64, 1), (69, 1), (72, 1), (77, 1), (78, 1), (79, 1), (80, 1), (84, 1), (85, 1), (88, 2), (90, 1), (92, 1), (94, 1), (100, 1)
device -> (54, 1), (55, 1)
move -> (25, 1), (85, 1)
talk -> (48, 1)
akazukin -> (88, 1)
noa -> (68, 1), (70, 1), (71, 1)
craft -> (4, 1)
bloodstain -> (28, 1)
count -> (3, 1), (19, 1)
nightmare -> (49, 1)
shima -> (30, 1), (98, 1)
possess -> (52, 1)
gift -> (58, 1), (60, 1), (88, 1), (94, 1)
insur -> (3, 1)
independ -> (57, 1), (76, 1)
loyalty -> (64, 1)
companion -> (39, 1)
assassin -> (3, 1), (27, 1), (28, 2), (52, 2)
kir -> (92, 3), (93, 1)
wife -> (89, 1)
notori -> (93, 1)
fondly -> (7, 1)
tsuioku -> (27, 1)
lot -> (6, 1), (36, 1), (54, 1), (55, 1), (58, 1), (94, 1)
wip -> (23, 1), (98, 1)
danger -> (26, 1), (43, 1), (44, 1), (53, 1), (60, 1), (68, 1), (70, 1), (71, 1)
exactly -> (42, 1), (99, 1)
unlucky -> (2, 1)
refus -> (20, 1)
bread -> (20, 11)
kouga -> (51, 4)
hagu -> (7, 3)
underworld -> (17, 1), (18, 1)
nine -> (10, 1), (11, 1), (63, 1)
jun -> (14, 1), (48, 4), (49, 3)
renown -> (43, 1), (44, 1)
sway -> (16, 1)
hotaru -> (58, 3)
moonrace -> (79, 2), (80, 2)
beltose -> (5, 1)
many -> (14, 1), (26, 1), (50, 1), (81, 2), (92, 1), (95, 1)
breast -> (16, 1)
fifte -> (76, 2)
humanity -> (1, 1), (22, 1), (23, 3), (24, 1), (37, 1), (41, 2), (59, 1), (79, 1), (80, 1)
revelat -> (12, 1), (36, 1)
amaterasu -> (97, 2)
duty -> (51, 1)
inability -> (73, 1)
warmth -> (20, 1)
assum -> (25, 1)
tomo -> (50, 2)
shuuji -> (7, 1)
cehack -> (79, 1), (80, 1)
recov -> (21, 1), (23, 1), (67, 1), (79, 1), (80, 1)
call -> (7, 1), (10, 1), (19, 1), (23, 1), (31, 1), (35, 1), (38, 1), (40, 1), (48, 1), (63, 1), (68, 1), (72, 1), (74, 1), (76, 1), (79, 1), (80, 1), (82, 1), (83, 2), (95, 2), (98, 1)
american -> (6, 1)
deploy -> (64, 2)
gut -> (25, 4)
cast -> (16, 1), (84, 1), (88, 3)
experienc -> (12, 1)
gundanium -> (74, 1)
custom -> (30, 1), (47, 1)
apart -> (7, 1), (36, 1), (79, 1), (80, 1)
aguille -> (67, 1)
gun -> (56, 1)
tanaka -> (40, 1)
shakti -> (73, 1)
searche -> (81, 1)
pai -> (95, 1)
str -> (28, 1), (54, 1), (55, 1)
rescu -> (27, 1), (38, 1), (66, 1)
yukari -> (50, 2)
rel -> (50, 1)
soon -> (3, 1), (17, 2), (18, 2), (19, 1), (26, 1), (32, 1), (33, 1), (49, 1), (52, 1), (68, 1), (86, 1)
arr -> (4, 1), (48, 1), (100, 1)
arm -> (17, 1), (18, 1), (51, 1), (57, 1), (66, 1), (81, 1), (92, 1), (94, 1)
gorilla -> (99, 1)
tree -> (89, 1)
upon -> (31, 1), (47, 3), (51, 1), (52, 1), (58, 1), (65, 1), (69, 1), (74, 1)
enigmat -> (1, 1), (26, 1), (52, 1)
choose -> (10, 1), (72, 1)
mmorpg -> (31, 1)
shop -> (20, 1)
impulse -> (78, 1)
may -> (10, 1), (17, 1), (18, 1), (42, 1), (53, 2), (54, 1), (55, 1), (89, 1), (92, 1)
misuzu -> (86, 2)
nei -> (39, 2)
matt -> (16, 1), (47, 1), (90, 1)
etc -> (4, 1)
tak -> (3, 1), (25, 1), (30, 1), (42, 1), (43, 1), (44, 1), (48, 1), (70, 1), (71, 1), (73, 1), (74, 1), (79, 1), (80, 1), (96, 1)
fafn -> (59, 1)
core -> (24, 1)
ambush -> (34, 1)
ski -> (82, 1)
breakfast -> (20, 2)
convert -> (20, 1)
decide -> (19, 1), (40, 1), (42, 1), (45, 1), (51, 1), (70, 1), (71, 1), (75, 1), (83, 1), (86, 1)
determine -> (13, 1), (66, 1), (81, 1)
party -> (89, 2)
belldandy -> (32, 3), (33, 2)
evil -> (38, 1), (89, 1), (97, 2)
mayune -> (85, 1)
perpetrat -> (2, 1)
statue -> (79, 1), (80, 1)
inhospit -> (16, 1)
alice -> (48, 2), (49, 2), (58, 3), (66, 1)
employ -> (78, 1)
cag -> (78, 1)
tomboy -> (50, 1)
deeply -> (62, 1)
vanguard -> (72, 2), (73, 1)
hiruma -> (6, 2)
oonishi -> (17, 1), (18, 1)
distract -> (64, 1), (89, 1)
pun -> (20, 1)
yukito -> (86, 4)
humanoid -> (3, 1), (63, 1)
bright -> (70, 1), (71, 1)
fulfill -> (14, 1), (20, 1), (70, 1), (71, 1), (75, 1), (98, 1)
like -> (4, 1), (6, 1), (15, 1), (16, 1), (20, 1), (26, 1), (41, 1), (42, 2), (50, 1), (53, 1), (65, 1), (79, 2), (80, 2), (85, 1), (95, 1)
definit -> (12, 1)
ascend -> (10, 1)
kong -> (21, 1)
struggle -> (11, 1), (23, 1), (24, 1), (25, 1), (34, 1), (40, 1), (56, 1), (76, 1), (82, 1)
tsukamoto -> (15, 1)
po -> (7, 1), (10, 1), (42, 1), (91, 1)
japan -> (4, 2), (6, 2), (13, 1), (16, 1), (20, 4), (30, 1), (40, 1), (47, 1), (81, 1), (94, 1)
drove -> (77, 1)
toy -> (48, 1)
obnoxi -> (99, 1)
midway -> (21, 1)
onto -> (42, 1), (76, 1)
game -> (31, 1), (35, 1), (48, 1), (49, 2)
space -> (1, 2), (41, 1), (61, 1), (63, 2), (69, 2), (70, 2), (71, 2), (72, 1), (73, 2), (74, 2), (76, 8), (77, 2), (81, 1), (98, 3)
evolv -> (72, 1)
routine -> (2, 1)
send -> (48, 1), (51, 1), (67, 1), (74, 1), (100, 1)
offspr -> (53, 1)
vampire -> (19, 4)
grandfath -> (20, 1)
psycholog -> (22, 1)
courage -> (7, 1)
asuka -> (78, 1)
request -> (85, 1)
got -> (38, 1)
viol -> (3, 1), (16, 1), (30, 1), (61, 1), (78, 2)
simil -> (10, 1), (15, 1), (79, 1), (80, 1)
blood -> (19, 1), (46, 1), (51, 1), (89, 2)
gualderobe -> (84, 1)
secret -> (6, 1), (22, 1), (52, 1), (65, 1), (66, 1)
galaxy -> (1, 1), (77, 1), (81, 2), (98, 1)
pursuit -> (10, 1), (78, 1)
li -> (22, 1), (88, 1)
pit -> (82, 1)
effort -> (28, 1), (57, 1), (77, 1)
echo -> (72, 1)
seabook -> (72, 3)
christina -> (65, 1)
notice -> (53, 1)
claudia -> (82, 1)
prototype -> (65, 1), (67, 2), (68, 1), (78, 1)
psych -> (30, 2), (73, 1)
anatoray -> (82, 1)
deepest -> (36, 1)
ashta -> (69, 1)
launch -> (40, 1), (74, 1), (75, 2)
yet -> (74, 1)
commun -> (60, 1)
battl -> (12, 1), (35, 1)
deliv -> (82, 1)
esp -> (4, 1), (30, 1)
off -> (16, 1), (21, 1), (56, 1), (66, 1), (68, 1)
anno -> (22, 1)
immin -> (94, 1)
respons -> (26, 1), (68, 1), (78, 1)
tir -> (8, 1)
refuse -> (60, 2)
tortur -> (81, 1)
along -> (31, 2), (42, 1), (61, 1), (62, 1), (67, 1), (79, 1), (80, 1), (92, 1)
h -> (27, 1), (47, 1)
captur -> (30, 1)
loc -> (40, 1), (64, 1), (73, 1), (86, 1)
honest -> (27, 1), (52, 1)
outcome -> (29, 1)
pass -> (5, 2), (23, 1), (53, 1), (76, 1), (82, 1), (98, 1)
grandpa -> (89, 2)
pacif -> (99, 1)
mutu -> (65, 1)
lux -> (17, 5), (18, 5)
dormitory -> (32, 1), (33, 1)
populat -> (16, 1), (37, 1), (57, 1), (98, 1)
investig -> (31, 1), (66, 1)
trick -> (92, 1)
sleeve -> (92, 1)
drawn -> (78, 1)
pref -> (46, 1)
bernard -> (65, 1)
neglect -> (17, 1), (18, 1)
kaede -> (62, 1)
impress -> (52, 1)
decade -> (23, 1), (43, 1), (44, 1), (74, 1)
militaire -> (73, 1)
us -> (4, 1), (9, 1), (35, 1), (63, 1), (72, 1), (73, 1)
oath -> (27, 1)
witch -> (4, 1)
quiet -> (90, 1)
forev -> (10, 1), (13, 1), (23, 1), (33, 1), (48, 1), (90, 1)
downgrad -> (8, 1)
layla -> (39, 3)
fuuka -> (83, 1)
armageddon -> (19, 1)
deep -> (24, 1), (46, 2), (77, 1)
scatt -> (60, 1), (64, 1)
qu -> (45, 1)
fluorite -> (53, 1)
mean -> (20, 2), (25, 1), (26, 1), (49, 1), (88, 1)
hurt -> (61, 1)
zala -> (78, 1)
tact -> (22, 1)
v -> (30, 1)
hold -> (63, 1), (73, 1), (86, 2)
infiltr -> (67, 1), (100, 1)
dune -> (16, 1)
leav -> (1, 1), (47, 1)
herald -> (22, 1)
defec -> (42, 1)
intellig -> (1, 1), (58, 1), (66, 1), (96, 1)
agility -> (6, 1)
reputat -> (15, 1), (16, 1), (27, 1), (99, 1)
hand -> (20, 1), (22, 1), (31, 1), (54, 1), (55, 1), (62, 1), (63, 1), (64, 1)
entire -> (3, 1), (21, 1), (78, 1)
settle -> (29, 1), (70, 1), (71, 1)
circle -> (48, 1)
lurk -> (37, 1)
mellow -> (1, 1)
bandit -> (27, 1), (92, 1), (93, 1)
keisuke -> (9, 2)
speedy -> (39, 1)
maxwell -> (75, 1)
elite -> (10, 1), (52, 1), (53, 1), (68, 1), (73, 1)
ocean -> (74, 1)
oboro -> (51, 2)
solut -> (2, 1)
wall -> (57, 1)
putt -> (25, 1), (86, 1)
reunite -> (58, 1), (61, 1)
amy -> (94, 1)
pinch -> (92, 1)
blow -> (81, 1)
fly -> (82, 1)
victory -> (48, 1), (49, 1), (73, 2)
adventure -> (1, 1), (5, 1), (12, 2), (16, 1), (50, 1), (58, 1), (82, 1)
cat -> (31, 1), (50, 1), (52, 3)
zaft -> (77, 2), (78, 1)
griffith -> (25, 2)
imagin -> (21, 1)
zenon -> (5, 4)
new -> (1, 1), (8, 1), (11, 1), (17, 1), (18, 1), (22, 1), (27, 1), (28, 1), (35, 1), (43, 1), (44, 1), (49, 2), (53, 1), (57, 2), (64, 1), (72, 1), (76, 1), (78, 2), (85, 3), (94, 1), (99, 1)
chiyo -> (50, 4)
pinnacle -> (12, 1)
model -> (57, 1)
gunfire -> (52, 1)
would -> (20, 1), (27, 1), (48, 1), (50, 1), (99, 1)
jad -> (53, 1)
amend -> (10, 1)
become -> (6, 1), (7, 1), (11, 1), (13, 1), (16, 1), (22, 2), (25, 1), (26, 1), (27, 1), (29, 1), (42, 1), (47, 1), (48, 2), (60, 1), (78, 1), (81, 1), (84, 1), (85, 3), (86, 1), (89, 2), (94, 2), (95, 2)
scrya -> (60, 1)
cryog -> (41, 1)
ref -> (17, 1), (18, 1)
mo -> (11, 1), (53, 1), (81, 1)
capt -> (21, 1)
touche -> (79, 1), (80, 1)
kunisaki -> (86, 1)
mikan -> (58, 6)
project -> (9, 2)
beat -> (91, 1)
top -> (41, 1), (66, 1), (95, 2)
else -> (61, 1)
espionage -> (66, 1)
ransack -> (12, 1)
win -> (6, 1), (15, 1), (41, 1)
uphold -> (28, 1)
school -> (6, 5), (13, 2), (15, 4), (34, 1), (45, 1), (46, 1), (47, 1), (48, 1), (49, 1), (50, 3), (53, 2), (54, 3), (55, 3), (56, 2), (57, 2), (58, 2), (59, 1), (62, 1), (69, 1), (84, 1), (87, 1), (90, 1), (91, 1), (99, 5)
religi -> (53, 1)
sagara -> (54, 1), (55, 1), (56, 1), (57, 1)
alba -> (2, 1)
nevertheles -> (84, 1)
surre -> (50, 1)
fairly -> (2, 1)
store -> (20, 2)
introduce -> (48, 1)
mercy -> (78, 1)
two -> (1, 1), (3, 1), (8, 1), (10, 1), (15, 1), (33, 1), (36, 1), (40, 1), (43, 1), (44, 1), (46, 1), (51, 3), (58, 1), (65, 1), (67, 1), (70, 1), (71, 1), (78, 1), (79, 2), (80, 2), (82, 3), (90, 1), (91, 1)
initiat -> (100, 1)
collaps -> (76, 1)
await -> (33, 1)
lt -> (21, 1)
tenma -> (10, 7), (15, 2)
tail -> (11, 1)
wreak -> (11, 1), (57, 1), (99, 1)
kare -> (73, 1)
fairy -> (95, 1)
plunge -> (70, 1), (71, 1)
miso -> (20, 1)
million -> (2, 1)
moe -> (46, 1)
highly -> (1, 1), (13, 1), (81, 1)
administrat -> (61, 1)
ashore -> (74, 1)
hard -> (12, 1), (13, 1), (42, 2), (99, 1)
usu -> (46, 1), (49, 1)
built -> (53, 1), (58, 1), (74, 1), (98, 1)
darl -> (100, 1)
good -> (95, 1), (96, 1)
witnes -> (2, 1), (6, 1), (27, 1), (74, 1)
put -> (5, 1), (6, 1), (11, 1), (51, 1), (69, 1)
catastrophe -> (98, 2)
twin -> (19, 1), (89, 1)
detail -> (27, 1)
hospit -> (10, 5)
kun -> (56, 1)
worthles -> (2, 1)
urban -> (42, 1)
defense -> (21, 1), (59, 1), (70, 1), (71, 1)
instantly -> (7, 1), (88, 1)
anoth -> (2, 2), (25, 1), (33, 1), (46, 1), (49, 2), (51, 1), (53, 1), (60, 2), (67, 1), (79, 1), (80, 1), (98, 1), (99, 1)
third -> (23, 1), (60, 1), (69, 1)
numb -> (32, 1)
reignit -> (51, 1)
homeroom -> (50, 2)
chobit -> (42, 1)
woolong -> (2, 1)
stasi -> (75, 1)
hop -> (6, 1), (73, 1)
robin -> (4, 1)
raccoon -> (96, 1)
iq -> (99, 1)
wield -> (56, 1), (58, 1)
kiku -> (14, 2)
save -> (10, 1), (17, 1), (18, 1), (21, 1), (28, 1), (40, 1), (47, 1), (60, 1), (85, 1), (96, 2)
azn -> (63, 1), (68, 1), (70, 1), (71, 1)
kenpuu -> (25, 1)
rec -> (73, 1), (78, 1)
archangel -> (77, 1)
miyako -> (87, 1)
mercury -> (99, 1)
research -> (67, 1)
rule -> (5, 1), (19, 1), (72, 1), (73, 1), (90, 1)
plung -> (76, 1)
charismat -> (25, 1)
renegade -> (61, 1)
ladi -> (90, 1)
takashi -> (99, 3)
set -> (25, 1), (31, 1), (45, 1), (77, 1)
fix -> (47, 1)
hunt -> (1, 1), (2, 1), (4, 1), (5, 1), (38, 1), (52, 2), (64, 1), (68, 1), (94, 1)
bonta -> (56, 1)
numer -> (13, 1)
contact -> (3, 1)
company -> (2, 1)
dress -> (36, 1)
ex -> (38, 1), (81, 1), (89, 1)
technology -> (38, 1)
concern -> (24, 1), (49, 1)
area -> (30, 1)
mix -> (89, 1)
end -> (5, 1), (11, 1), (20, 1), (24, 3), (29, 1), (47, 2), (48, 2), (49, 1), (70, 1), (71, 1), (73, 1), (79, 1), (80, 1)
fourte -> (40, 1)
misaki -> (35, 2)
gr -> (33, 2)
politician -> (74, 1)
pond -> (26, 1)
hanabishi -> (36, 2)
cousin -> (87, 2)
family -> (20, 1), (29, 1), (36, 1), (45, 2), (60, 1), (72, 1), (78, 2), (79, 2), (80, 2), (85, 1), (88, 1), (89, 3), (91, 1)
tatsumiyajima -> (59, 2)
valu -> (45, 1)
freak -> (56, 1)
assimil -> (57, 1)
impres -> (78, 1)
witche -> (4, 3)
telekinesi -> (4, 1)
restaur -> (95, 1)
ukrainian -> (64, 1)
ev -> (10, 1), (13, 2), (20, 1), (23, 1), (26, 1), (35, 1), (42, 1), (45, 1), (48, 1), (49, 2), (50, 1), (53, 2), (57, 2), (61, 1), (68, 1), (69, 1), (82, 1), (86, 1), (90, 1), (95, 1)
descend -> (89, 1)
kyuubi -> (11, 3)
prosperity -> (29, 1)
front -> (32, 1), (36, 1)
earn -> (27, 1)
shut -> (48, 1)
flee -> (72, 1)
missile -> (21, 1)
esth -> (19, 1)
somb -> (53, 1)
birthplace -> (95, 1)
muscle -> (72, 1)
virtu -> (52, 1), (74, 1)
destabil -> (82, 1)
crude -> (16, 1)
posi -> (52, 1)
dwell -> (85, 1)
priest -> (19, 1)
reach -> (12, 1), (75, 1)
newest -> (21, 2), (42, 1)
dy -> (5, 1), (21, 1)
explo -> (30, 1)
prestigi -> (58, 1), (84, 1)
abel -> (19, 3)
informat -> (42, 1), (65, 1)
nobility -> (72, 1)
gunman -> (52, 1)
injur -> (60, 1), (87, 1)
izuruha -> (65, 1)
reclaim -> (41, 1), (60, 1)
slightly -> (99, 1)
charact -> (7, 1), (31, 1), (46, 1)
safeguard -> (54, 1), (55, 1)
unimagin -> (25, 1)
eriko -> (17, 1), (18, 1)
manipul -> (5, 1)
seek -> (17, 1), (18, 1), (22, 1), (30, 1), (67, 1), (69, 1), (72, 1), (74, 1), (77, 1), (93, 1)
vanqu -> (24, 1)
season -> (61, 1), (88, 2)
illit -> (96, 1)
juku -> (9, 1)
personnel -> (22, 1)
energet -> (50, 1), (58, 1)
wolf -> (88, 1)
note -> (48, 1)
mediev -> (25, 1)
whisp -> (54, 3), (55, 3), (57, 1)
kamille -> (68, 3)
maturity -> (14, 1)
hobbi -> (15, 1)
unfortunately -> (10, 1), (33, 1), (41, 1), (90, 1)
experi -> (7, 1), (50, 1), (77, 1)
g -> (46, 1), (64, 1)
interrupt -> (2, 1)
goe -> (3, 1), (10, 1), (20, 1), (41, 1), (46, 1), (64, 1)
sil -> (62, 1)
mete -> (74, 1), (75, 1)
jewel -> (60, 3)
regardles -> (92, 1)
recently -> (4, 1), (10, 1), (94, 1)
harrow -> (22, 1)
corrupt -> (26, 1), (27, 1)
ground -> (10, 1), (64, 3), (99, 1)
interest -> (40, 1), (50, 1), (65, 1)
start -> (6, 1), (20, 1), (26, 1), (40, 1), (42, 1), (65, 1), (67, 1), (91, 2)
street -> (30, 1)
newtype -> (69, 1), (73, 1)
culture -> (40, 1), (47, 1)
previously -> (31, 1)
misadventure -> (3, 1), (56, 1), (90, 1)
pas -> (7, 1), (49, 1)
service -> (78, 1)
succes -> (40, 1), (64, 1)
choice -> (10, 1), (57, 1), (94, 1)
judau -> (69, 3)
know -> (31, 1), (34, 1), (36, 1), (59, 1), (84, 1), (86, 1)
cov -> (2, 1)
cooperat -> (72, 1)
duo -> (75, 1)
surface -> (1, 1), (22, 1), (37, 1), (75, 1), (81, 1)
q -> (95, 1)
ax -> (19, 2)
outside -> (9, 1), (73, 1)
harm -> (31, 1)
ryuji -> (14, 4)
seni -> (34, 1)
yuuno -> (60, 1), (61, 1)
barely -> (42, 1)
ufo -> (47, 1)
junko -> (16, 1)
pure -> (12, 1)
accuracy -> (52, 1)
unbeknownst -> (28, 1), (65, 1)
afford -> (42, 1)
disith -> (82, 1)
magdalene -> (43, 1), (44, 1)
safe -> (41, 1)
alongside -> (13, 1)
known -> (5, 1), (11, 1), (12, 1), (13, 1), (23, 2), (25, 1), (26, 1), (27, 1), (28, 1), (30, 2), (31, 1), (39, 1), (41, 1), (43, 1), (44, 1), (45, 1), (52, 1), (57, 1), (63, 2), (68, 2), (69, 1), (77, 1), (79, 1), (80, 1), (82, 1), (85, 1), (88, 1), (91, 1), (92, 1), (96, 2), (99, 1)
girl -> (7, 1), (17, 1), (18, 1), (19, 1), (36, 3), (46, 1), (48, 1), (50, 4), (54, 1), (55, 1), (57, 1), (58, 2), (62, 1), (82, 1), (83, 1), (84, 1), (85, 1), (86, 1), (88, 1), (90, 1), (91, 1), (96, 1)
mysteriously -> (28, 1)
park -> (15, 1)
divid -> (27, 1)
oft -> (2, 1), (57, 1), (85, 1), (88, 1)
quirky -> (7, 1)
lilith -> (24, 1)
kind -> (50, 1)
umezu -> (21, 1)
crumbl -> (17, 1), (18, 1)
dash -> (51, 1)
warri -> (51, 1)
malevol -> (23, 1)
strang -> (33, 1)
fr -> (94, 1)
stuck -> (50, 1)
seri -> (10, 1), (24, 1), (38, 1), (53, 1), (56, 1), (57, 1), (70, 1), (71, 1), (81, 1), (84, 1)
rookie -> (65, 1), (67, 1)
stellvia -> (98, 1)
base -> (67, 1), (68, 1)
freedom -> (29, 1)
yuy -> (74, 1), (75, 1)
broth -> (8, 1), (9, 1), (14, 1), (43, 1), (44, 1), (46, 1), (81, 1), (89, 1)
rolan -> (79, 4), (80, 4)
clust -> (53, 2), (59, 1), (63, 1), (65, 1)
amada -> (64, 1), (66, 1)
name -> (13, 1), (16, 1), (27, 2), (29, 1), (42, 1), (45, 1), (51, 1), (74, 1)
playboy -> (87, 1)
presume -> (23, 1)
grade -> (95, 1)
crew -> (1, 1), (2, 2), (12, 1), (21, 3), (67, 1), (77, 1)
minatsuki -> (52, 1)
mus -> (1, 1)
exam -> (42, 1), (98, 1)
june -> (21, 1)
adapt -> (54, 1), (55, 1), (84, 1)
begun -> (54, 1), (55, 1), (90, 1)
knute -> (37, 1)
meitz -> (72, 1)
enl -> (6, 1), (60, 1)
reignite -> (34, 1)
cause -> (79, 1), (80, 1)
defens -> (22, 1)
immediately -> (36, 1)
vandel -> (5, 3)
draw -> (24, 1)
compete -> (20, 2), (95, 1)
exterminat -> (43, 2), (44, 2)
mikage -> (89, 2)
wat -> (100, 1)
instead -> (10, 2), (23, 1), (52, 1), (88, 1)
pitt -> (63, 1)
quest -> (10, 1), (13, 1), (15, 1), (25, 1), (26, 1), (81, 2)
ikari -> (22, 2), (23, 1), (24, 2)
come -> (10, 2), (13, 1), (17, 1), (18, 1), (21, 1), (37, 1), (41, 1), (46, 1), (49, 1), (53, 1), (77, 1), (88, 1), (91, 1)
senti -> (48, 1), (49, 1)
di -> (32, 1)
bewild -> (36, 1)
block -> (45, 1)
mingle -> (47, 1)
x -> (76, 1)
urizuri -> (88, 2)
allegedly -> (81, 1)
theori -> (50, 1)
nightroad -> (19, 1)
reckles -> (43, 1), (44, 1)
comnet -> (96, 5)
flag -> (69, 1)
fict -> (88, 1), (95, 1)
fairchild -> (72, 1)
thousand -> (51, 1)
wartime -> (78, 1)
mighty -> (25, 1)
kotori -> (46, 1)
boy -> (5, 1), (7, 1), (8, 1), (10, 1), (12, 1), (15, 1), (22, 1), (23, 1), (27, 2), (30, 1), (40, 3), (42, 1), (45, 1), (65, 1), (79, 1), (80, 1), (85, 1), (88, 1), (90, 1), (91, 1), (92, 1)
sena -> (6, 5)
stol -> (67, 2), (89, 2)
suff -> (3, 1), (5, 1), (41, 1), (81, 1)
chiharu -> (90, 1)
football -> (6, 2)
sibl -> (14, 1), (81, 1)
universe -> (24, 1), (84, 1)
takahashi -> (9, 1)
cease -> (28, 1)
rivalry -> (51, 1), (70, 2), (71, 2)
gennosuke -> (51, 2)
impersonat -> (95, 1)
victorian -> (79, 1), (80, 1)
ayanami -> (24, 1)
emiss -> (52, 1)
emot -> (42, 1), (60, 1)
synchron -> (22, 1)
pigtail -> (50, 1)
teletha -> (56, 1)
siz -> (15, 1)
ahead -> (49, 1)
bak -> (20, 3)
flow -> (46, 1)
guild -> (82, 3)
reason -> (3, 1), (12, 1), (60, 1), (99, 1)
align -> (75, 1)
cere -> (89, 4)
lyr -> (60, 1), (61, 1)
himura -> (27, 1), (28, 1), (29, 1)
seravi -> (88, 1)
longtime -> (45, 1)
ord -> (4, 1), (11, 1), (12, 1), (14, 1), (19, 2), (25, 1), (30, 1), (32, 1), (43, 1), (44, 1), (47, 1), (48, 1), (51, 2), (52, 1), (54, 1), (55, 1), (65, 1), (76, 1), (95, 3)
goddes -> (32, 2), (33, 2), (97, 1)
pow -> (4, 1), (5, 1), (17, 2), (18, 2), (25, 1), (26, 1), (30, 2), (38, 1), (46, 1), (51, 1), (52, 1), (54, 2), (55, 2), (57, 1), (58, 1), (60, 1), (61, 3), (63, 2), (68, 1), (69, 1), (70, 1), (71, 1), (72, 1), (74, 2), (76, 1), (81, 1), (85, 1), (89, 1), (91, 1), (95, 1)
kick -> (32, 1), (33, 1), (56, 1)
happ -> (36, 1), (59, 1), (89, 1)
luck -> (52, 1)
persocom -> (42, 4)
spend -> (48, 1), (56, 1), (60, 1), (61, 1), (62, 1), (79, 1), (80, 1), (87, 1)
slash -> (29, 1)
nanoha -> (60, 6), (61, 5)
disappe -> (28, 1), (87, 1)
quietly -> (91, 1)
barasuish -> (49, 2)
emp -> (95, 1)
day -> (2, 1), (5, 1), (13, 1), (17, 1), (18, 1), (21, 1), (25, 2), (28, 1), (41, 1), (46, 3), (47, 1), (48, 1), (49, 1), (60, 2), (61, 2), (62, 2), (87, 2), (89, 1), (99, 1)
life -> (2, 1), (3, 2), (5, 1), (8, 1), (10, 3), (11, 1), (22, 1), (25, 1), (26, 1), (34, 1), (40, 1), (46, 1), (48, 2), (49, 1), (50, 1), (52, 3), (54, 1), (55, 1), (57, 1), (72, 2), (77, 1), (78, 1), (85, 2), (87, 1), (99, 1), (100, 1)
maj -> (17, 1), (18, 1), (26, 1), (53, 1), (64, 1), (95, 1)
first -> (4, 1), (8, 1), (22, 1), (33, 1), (36, 1), (61, 1), (64, 1), (88, 1), (96, 1)
athha -> (78, 1)
sahalin -> (64, 1)
bajeena -> (68, 1)
seigaku -> (13, 2)
yamato -> (77, 1)
unravel -> (1, 1), (3, 1), (42, 1)
hometown -> (72, 1)
execut -> (12, 1), (73, 1)
volunte -> (36, 1)
footstep -> (12, 1), (73, 1)
devil -> (5, 3), (6, 1), (81, 1)
wand -> (28, 1), (31, 1), (52, 1), (60, 1)
carri -> (37, 1), (67, 1)
balanc -> (1, 2)
sky -> (82, 2), (86, 1)
mao -> (95, 3)
thieve -> (92, 1)
joke -> (33, 1)
innoc -> (27, 1)
vacat -> (56, 1)
alli -> (74, 2), (77, 1)
uzumaki -> (11, 1)
newfound -> (61, 1)
float -> (81, 1)
must -> (10, 1), (22, 1), (43, 1), (44, 1), (48, 1), (51, 1), (54, 1), (55, 1), (61, 1), (64, 1), (72, 1), (75, 1), (78, 1), (79, 1), (80, 1), (83, 1), (93, 1), (96, 4), (97, 1)
absolute -> (27, 1), (82, 1)
primi -> (38, 1)
attitude -> (3, 1), (28, 1), (38, 1), (48, 1), (53, 1)
advers -> (45, 1), (54, 1), (55, 1)
telepath -> (60, 1)
group -> (3, 1), (5, 1), (17, 2), (18, 2), (19, 1), (30, 1), (40, 2), (48, 1), (50, 1), (61, 1), (68, 1), (69, 1), (72, 1), (85, 1)
dazzle -> (40, 1)
class -> (1, 1)
attend -> (6, 1), (62, 1)
makoto -> (90, 1), (100, 1)
gloomy -> (52, 1)
kusanagi -> (26, 1)
uncomfort -> (33, 1)
europe -> (73, 1)
ceremony -> (79, 1), (80, 1), (100, 1)
plush -> (50, 1)
creature -> (83, 1)
alexiel -> (34, 1)
altercat -> (17, 1), (18, 1)
hundr -> (2, 1), (76, 1)
forward -> (84, 1)
among -> (5, 1), (9, 1), (53, 1), (85, 1)
confront -> (26, 1)
mask -> (16, 1)
crime -> (94, 2)
pers -> (19, 1)
accord -> (41, 1), (64, 1)
inn -> (57, 1)
band -> (25, 2), (29, 1), (40, 4), (61, 1)
benefit -> (72, 1)
responsibility -> (87, 2)
oppose -> (3, 1)
born -> (25, 1), (45, 1)
whopp -> (2, 1)
shinobu -> (7, 2)
incred -> (6, 1), (26, 1)
shinku -> (48, 2), (49, 5)
vow -> (21, 1), (28, 1), (52, 1)
transport -> (21, 1)
capsule -> (30, 1), (47, 1)
university -> (77, 1)
upp -> (63, 1), (64, 1)
opt -> (52, 1)
home -> (17, 1), (18, 1), (42, 2), (43, 1), (44, 1), (47, 1), (48, 1), (49, 1), (68, 1), (81, 1), (87, 1)
suzuhara -> (35, 1)
competi -> (13, 1)
sleepy -> (59, 1)
quickly -> (25, 1), (63, 1), (69, 1), (72, 1)
collab -> (17, 1), (18, 1)
hit -> (47, 1)
merc -> (25, 1), (57, 1)
ace -> (63, 1), (64, 1), (67, 1), (68, 1), (74, 1)
climact -> (24, 1)
certainly -> (45, 1), (50, 1)
rebelli -> (67, 1), (68, 1), (77, 1)
sakurada -> (48, 1), (49, 1)
heartnet -> (52, 1)
profes -> (8, 2), (17, 1), (18, 1)
s -> (14, 1), (20, 2), (32, 1), (34, 1), (40, 1), (43, 1), (44, 1), (46, 3), (48, 1), (49, 2), (69, 1), (79, 1), (80, 1)
sakuraba -> (36, 2)
athlet -> (50, 1)
brok -> (79, 2), (80, 2)
brand -> (64, 1)
shortage -> (50, 1)
enough -> (25, 1), (69, 1), (94, 1)
resort -> (52, 1)
destruc -> (30, 1)
deadly -> (11, 1), (49, 1), (67, 1), (92, 1)
switch -> (10, 2), (89, 1)
granddaught -> (72, 1)
ensure -> (48, 1)
oth -> (49, 1), (79, 2), (80, 2)
testarossa -> (56, 1), (60, 1)
superi -> (56, 1)
fit -> (50, 1), (53, 1), (79, 1), (80, 1), (81, 1)
crisi -> (10, 1)
shunn -> (11, 1)
last -> (12, 1), (22, 1), (24, 1), (59, 1), (82, 1), (87, 1), (91, 1)
ritsuko -> (22, 1)
post -> (9, 1), (16, 1)
century -> (5, 2), (63, 1), (64, 1), (67, 1), (68, 1), (69, 1), (70, 1), (71, 1), (72, 1), (73, 1), (79, 1), (80, 1), (81, 1), (95, 1)
preci -> (6, 1)
yuuta -> (7, 2)
slain -> (74, 1)
mankind -> (22, 1), (23, 2), (24, 1), (27, 1), (59, 2), (63, 1), (98, 1)
giv -> (5, 1), (6, 1), (26, 1), (51, 2)
insati -> (16, 1)
katase -> (98, 1)
overall -> (58, 1)
himeno -> (85, 5)
intern -> (57, 1)
difficult -> (6, 1)
scale -> (64, 1)
heroe -> (75, 1)
wikipedia -> (88, 1), (95, 1)
aloof -> (58, 1), (99, 1)
titan -> (68, 5), (69, 2)
uphill -> (9, 1)
yukio -> (40, 1)
memb -> (1, 2), (19, 1), (40, 2)
determinat -> (84, 1)
four -> (77, 1), (91, 1), (94, 1), (95, 1)
comput -> (1, 1), (42, 2), (96, 6)
freshman -> (6, 1), (50, 1)
petite -> (7, 1)
grow -> (17, 1), (18, 1), (37, 1), (86, 1)
found -> (17, 1), (18, 1), (39, 1), (47, 1), (74, 1)
assault -> (64, 1), (68, 1), (74, 1)
heliopoli -> (77, 2)
wealthy -> (79, 1), (80, 1)
juni -> (13, 1), (14, 1)
deunan -> (37, 1)
compris -> (81, 1)
guangdong -> (95, 1)
robe -> (89, 2)
konohagakure -> (11, 3)
possibly -> (12, 1)
enhanc -> (78, 1)
mako -> (46, 1)
fujisawa -> (100, 1)
gu -> (56, 1)
low -> (7, 1)
sakaki -> (50, 1)
roy -> (84, 1)
castle -> (88, 1), (100, 1)
howev -> (2, 1), (5, 1), (10, 1), (16, 1), (21, 1), (25, 1), (28, 1), (40, 1), (42, 1), (43, 1), (44, 1), (45, 1), (47, 1), (52, 1), (54, 1), (55, 1), (57, 1), (67, 1), (68, 1), (69, 1), (76, 1), (82, 1), (85, 1), (86, 1), (88, 1), (89, 1), (95, 1), (99, 1)
torn -> (51, 1)
grand -> (12, 3), (82, 1)
obsess -> (20, 1), (65, 1)
whereabout -> (66, 1)
impost -> (28, 1)
bespa -> (73, 1)
hidd -> (11, 1)
crush -> (45, 1), (81, 1)
wiseman -> (65, 1)
shiro -> (64, 4), (66, 3)
eroge -> (62, 1)
finest -> (13, 1)
archa -> (38, 1)
reincarnat -> (34, 1)
influenc -> (52, 1)
aside -> (41, 1)
highschool -> (8, 1)
chef -> (94, 1), (95, 9)
fre -> (76, 1)
addres -> (36, 1)
remind -> (36, 1)
endeav -> (22, 1), (57, 1)
forgiv -> (70, 1), (71, 1)
divulge -> (60, 1)
assembl -> (65, 1)
yakit -> (20, 1)
resettl -> (79, 1), (80, 1)
desp -> (29, 1), (30, 1)
thompson -> (3, 1)
dull -> (99, 1)
tenni -> (13, 3)
escap -> (30, 1)
fav -> (51, 1)
solely -> (82, 1)
unknown -> (39, 1)
distrust -> (47, 1)
intergalact -> (75, 1), (81, 1)
bulli -> (6, 2)
own -> (20, 2), (40, 1), (42, 1)
ye -> (1, 1), (4, 1), (5, 1), (8, 1), (10, 1), (12, 1), (15, 1), (17, 1), (18, 1), (20, 1), (22, 3), (23, 1), (26, 1), (28, 2), (29, 1), (30, 1), (34, 1), (35, 1), (40, 2), (46, 1), (47, 1), (48, 1), (50, 1), (51, 2), (54, 1), (55, 1), (58, 1), (63, 2), (64, 2), (65, 1), (67, 3), (68, 2), (69, 1), (70, 3), (71, 3), (72, 1), (73, 1), (74, 1), (75, 2), (76, 4), (77, 1), (78, 1), (79, 2), (80, 2), (81, 1), (85, 1), (87, 1), (90, 1), (91, 1), (98, 2)
earth -> (1, 1), (22, 1), (41, 7), (54, 1), (55, 1), (61, 1), (63, 4), (64, 2), (65, 2), (67, 2), (68, 3), (69, 4), (70, 4), (71, 4), (72, 2), (73, 2), (74, 5), (75, 1), (76, 5), (77, 2), (78, 1), (79, 6), (80, 6), (81, 1), (85, 1), (98, 2)
tsukasa -> (31, 4)
contin -> (5, 1)
tiny -> (50, 1)
quality -> (72, 1)
personality -> (50, 1), (83, 1)
londo -> (70, 2), (71, 2)
describ -> (88, 1)
age -> (12, 1), (65, 1), (79, 1), (80, 1), (85, 1)
teache -> (60, 1)
carelessly -> (48, 1)
fox -> (11, 1)
teamm -> (13, 1)
uraki -> (67, 1)
principle -> (3, 1)
posthumously -> (75, 1)
overcome -> (49, 1)
limb -> (17, 1), (18, 1), (26, 1)
int -> (1, 1), (23, 1), (75, 1), (79, 1), (80, 1)
swe -> (78, 1)
china -> (95, 4)
awayuki -> (85, 1)
none -> (26, 1), (49, 1)
joshua -> (43, 2), (44, 2)
fourth -> (11, 1)
secretly -> (67, 1)
gunsmoke -> (3, 1)
calm -> (57, 1)
typ -> (99, 1)
split -> (2, 1)
sav -> (10, 2), (28, 1), (94, 1)
wizard -> (88, 1)
three -> (2, 1), (17, 1), (18, 1), (67, 1), (90, 1)
flame -> (51, 1)
echiz -> (13, 1)
whiz -> (1, 1)
rx -> (64, 1)
suit -> (20, 1), (63, 2), (65, 1), (67, 1), (69, 1), (70, 1), (71, 1), (72, 1), (73, 1), (74, 1), (75, 3), (76, 2), (77, 2), (78, 2), (79, 1), (80, 1)
takeya -> (47, 1)
forg -> (16, 1)
anavel -> (67, 1)
occupat -> (27, 1)
improvis -> (1, 1)
origin -> (24, 1), (27, 1), (70, 1), (71, 1), (88, 1), (96, 1)
exile -> (82, 1)
defeat -> (5, 1), (22, 1), (67, 1), (69, 1), (97, 1)
cresc -> (46, 1)
bounti -> (1, 1)
metropoli -> (26, 1)
clau -> (82, 2)
tokyo -> (20, 2), (23, 1), (30, 3), (36, 1), (94, 2)
sense -> (60, 1)
comedy -> (1, 1), (15, 1), (58, 1)
carefree -> (1, 1)
plot -> (2, 1), (75, 1)
cri -> (60, 1)
declare -> (63, 2)
wheth -> (48, 1), (66, 1)
activ -> (42, 1), (100, 1)
world -> (12, 3), (13, 1), (16, 1), (19, 1), (20, 1), (21, 1), (22, 1), (24, 1), (25, 1), (26, 2), (30, 1), (31, 3), (33, 1), (38, 2), (39, 3), (40, 1), (41, 1), (42, 1), (52, 1), (53, 2), (54, 1), (55, 1), (57, 1), (60, 2), (62, 1), (75, 1), (79, 1), (80, 1), (82, 1), (85, 1), (88, 1), (93, 1), (94, 1), (96, 1), (97, 2), (98, 1), (100, 1)
air -> (82, 2)
gi -> (22, 1), (23, 1), (59, 1), (70, 1), (71, 1), (79, 1), (80, 1)
consume -> (78, 1)
smooth -> (1, 1)
argama -> (69, 3)
axi -> (69, 1), (70, 1), (71, 1)
thirte -> (83, 1)
peacefully -> (62, 1)
slowly -> (25, 1), (40, 1)
abandon -> (8, 1), (28, 1), (42, 1), (52, 1), (87, 1)
country -> (13, 1), (28, 1), (42, 1), (78, 1), (95, 3)
asakura -> (46, 2)
miharu -> (46, 1)
laughingstock -> (6, 1)
evangelion -> (22, 4), (23, 1), (24, 2)
harsh -> (13, 1), (58, 1)
growth -> (14, 1)
firsthand -> (21, 1)
person -> (7, 2), (13, 1), (16, 2), (17, 1), (18, 1), (29, 1), (42, 1), (47, 1), (48, 1), (50, 1), (81, 1), (82, 1), (84, 1), (95, 1)
destin -> (27, 1)
alt -> (77, 1)
nut -> (90, 1)
collat -> (43, 1), (44, 1)
meanwhile -> (7, 1), (24, 1)
blossom -> (33, 1), (46, 1)
fortune -> (6, 1), (12, 1), (69, 1)
befriend -> (8, 1)
prove -> (13, 1), (25, 1), (64, 1)
involv -> (2, 1), (26, 2), (35, 1), (79, 1), (80, 1), (85, 1)
ikuhara -> (47, 1)
plann -> (45, 1)
fujiwara -> (9, 1)
word -> (12, 1), (15, 1), (20, 1), (38, 1), (42, 1), (50, 1)
approach -> (24, 1), (96, 1)
close -> (7, 1), (49, 1), (54, 1), (55, 1), (95, 1)
kid -> (1, 1), (6, 1), (40, 1)
hyuuga -> (58, 1)
mas -> (2, 1), (81, 1)
occas -> (50, 1)
haman -> (69, 1)
land -> (47, 1), (74, 1), (84, 1), (88, 1), (95, 1), (97, 1)
meg -> (94, 1)
gundam -> (63, 2), (64, 1), (65, 1), (67, 4), (68, 1), (70, 2), (71, 2), (72, 1), (73, 1), (74, 2), (75, 2), (76, 2), (77, 2), (79, 1), (80, 1), (81, 4)
faye -> (1, 1), (2, 2)
unfold -> (22, 1)
fam -> (10, 1), (82, 1)
celebr -> (79, 1), (80, 1)
freddie -> (99, 1)
empire -> (73, 4)
discov -> (2, 1), (7, 1), (8, 1), (16, 1), (20, 1), (21, 1), (23, 1), (29, 1), (43, 1), (44, 1), (58, 1), (69, 1), (76, 1)
complicat -> (26, 1), (48, 1)
protect -> (6, 1), (19, 1), (27, 1), (28, 1), (31, 1), (54, 1), (55, 1), (56, 1), (58, 1), (72, 1), (73, 1), (84, 1), (85, 1), (89, 1), (100, 1)
impact -> (3, 1), (23, 2), (74, 1)
promis -> (12, 1)
eith -> (65, 1)
big -> (22, 1)
sleep -> (46, 2)
gend -> (22, 1), (23, 2), (24, 1), (41, 1)
nat -> (22, 1), (27, 1), (35, 1), (81, 1), (82, 1)
iga -> (51, 4)
feel -> (15, 2), (85, 1), (90, 1)
advanc -> (21, 1), (26, 1), (35, 1), (38, 1), (77, 1), (81, 1)
upperclassm -> (62, 1)
stray -> (52, 1)
bal -> (24, 1), (53, 1)
dorm -> (32, 1)
resolve -> (51, 1), (64, 1)
interconnect -> (26, 1)
persona -> (12, 1)
log -> (31, 2)
driv -> (9, 1), (43, 1), (44, 1)
back -> (6, 1), (10, 1), (21, 1), (41, 2), (46, 1), (48, 1), (52, 1), (56, 1), (89, 2)
cre -> (46, 1), (52, 1), (54, 1), (55, 1), (72, 1)
rid -> (30, 1), (99, 1)
aeug -> (68, 2), (69, 2)
chidori -> (54, 1), (55, 1), (56, 1), (57, 1)
koyomi -> (50, 1)
ago -> (29, 1), (47, 1), (86, 1)
strike -> (28, 1), (77, 1)
misunderstand -> (15, 1)
chrono -> (52, 2), (61, 1)
guid -> (21, 1)
dorothy -> (88, 2)
dragg -> (51, 1), (69, 1), (82, 1)
ride -> (87, 1)
interstell -> (98, 1)
much -> (2, 1), (3, 1), (59, 1), (62, 1), (65, 1), (82, 1), (85, 1)
heartwarm -> (13, 1), (58, 1)
poss -> (17, 1), (18, 1), (21, 1), (48, 1), (54, 1), (55, 1), (82, 1)
design -> (17, 1), (18, 1), (96, 1)
pastry -> (94, 1)
chaot -> (16, 1), (94, 1)
maid -> (48, 1), (49, 4), (86, 3), (89, 1)
catastroph -> (23, 1), (79, 1), (80, 1)
program -> (47, 1), (96, 4)
online -> (48, 1)
leaf -> (9, 1), (11, 1)
mawata -> (85, 1)
mayhem -> (56, 1)
suspect -> (31, 1)
amuro -> (63, 1), (70, 3), (71, 3)
came -> (36, 1), (46, 1), (88, 1), (89, 1)
guardian -> (7, 1), (31, 1), (83, 1), (88, 1)
underground -> (17, 1), (18, 1), (52, 1)
begin -> (5, 1), (14, 1), (17, 1), (18, 1), (22, 1), (25, 1), (28, 1), (30, 1), (33, 1), (48, 1), (49, 2), (50, 1), (52, 1), (57, 1), (74, 1)
riverbank -> (47, 1)
ali -> (41, 1), (47, 3)
cosm -> (77, 1), (78, 1)
sixte -> (20, 1)
result -> (5, 1), (9, 1), (17, 1), (18, 1), (76, 1), (78, 1)
fierce -> (21, 1), (95, 1)
photo -> (36, 1)
hotline -> (32, 1), (33, 1)
victori -> (69, 1)
average -> (22, 1), (54, 1), (55, 1), (96, 1), (99, 2)
kamiya -> (28, 1)
brood -> (53, 1)
try -> (6, 1), (15, 1), (19, 1), (34, 1), (60, 2)
learn -> (4, 1), (14, 1), (16, 1), (23, 1), (58, 1), (65, 1), (86, 1), (95, 1), (97, 1)
dragon -> (59, 1)
human -> (19, 2), (24, 1), (33, 2), (37, 2), (38, 1), (41, 3), (42, 4), (47, 2), (48, 1), (52, 1), (62, 1), (77, 1), (78, 1), (89, 1)
standoff -> (79, 1), (80, 1)
heav -> (34, 1), (89, 2), (93, 1)
unknowingly -> (97, 1)
fashion -> (42, 1)
overcom -> (57, 1)
colon -> (1, 1), (39, 1), (41, 1)
met -> (36, 1), (62, 1), (64, 1)
hysteria -> (2, 1)
underl -> (52, 1)
conclu -> (70, 1), (71, 1), (75, 1)
coloss -> (23, 1), (98, 1)
subordin -> (26, 1)
internet -> (9, 1)
defi -> (12, 1)
babe -> (16, 1)
separat -> (23, 1)
liebert -> (10, 1)
prince -> (13, 1)
civilian -> (57, 1), (63, 1), (73, 1)
hierarchy -> (10, 1)
socc -> (8, 3)
plan -> (23, 1), (41, 1), (64, 1), (69, 1), (70, 1), (71, 1), (75, 1), (89, 1), (100, 1)
forc -> (23, 1), (26, 1), (46, 1), (49, 1), (51, 1), (72, 1), (74, 1), (89, 1), (94, 1)
wok -> (46, 1)
get -> (10, 1), (13, 1), (25, 1), (26, 1), (29, 1), (31, 2), (32, 1), (34, 1), (42, 1), (56, 1), (68, 1), (82, 1), (86, 1), (91, 2)
artifici -> (37, 1), (53, 1), (78, 1), (96, 1)
savag -> (27, 1)
produce -> (38, 1)
ayu -> (7, 2)
modern -> (89, 1)
hopelessnes -> (85, 1)
lat -> (10, 1), (51, 1), (60, 1), (73, 1)
writt -> (1, 1), (2, 1), (3, 1), (10, 1), (11, 1), (12, 1), (15, 1), (16, 1), (22, 2), (23, 1), (24, 1), (25, 1), (26, 1), (27, 1), (28, 1), (30, 1), (31, 1), (33, 1), (40, 1), (42, 1), (43, 1), (44, 1), (45, 1), (48, 1), (49, 1), (50, 1), (51, 1), (52, 1), (54, 1), (55, 1), (57, 1), (58, 1), (60, 1), (63, 1), (64, 1), (65, 1), (67, 1), (68, 1), (69, 1), (70, 1), (71, 1), (72, 1), (73, 1), (74, 1), (75, 1), (77, 1), (78, 1), (79, 1), (80, 1), (81, 1), (82, 1), (85, 1), (86, 1), (99, 1)
black -> (1, 1), (25, 1), (52, 2), (97, 1)
liv -> (1, 1), (8, 1), (11, 1), (28, 2), (33, 1), (49, 1), (56, 1), (62, 1), (63, 1), (69, 1), (73, 1), (79, 1), (80, 1), (88, 3)
typhoon -> (3, 1)
fool -> (95, 1)
akagi -> (22, 1)
cap -> (22, 1), (23, 1), (73, 1)
skirmishe -> (72, 1)
mov -> (46, 1), (63, 1)
failure -> (57, 1)
download -> (42, 1)
roof -> (46, 1)
wondr -> (16, 1)
aegi -> (21, 1)
assign -> (54, 1), (55, 1), (66, 1)
announce -> (75, 1)
midland -> (25, 1)
promot -> (17, 1), (18, 1)
clas -> (21, 1), (50, 2), (54, 1), (55, 1)
diplomat -> (75, 1), (78, 1)
afoul -> (34, 1)
wong -> (1, 1)
kamata -> (17, 1), (18, 1)
froz -> (41, 1)
kyosuke -> (8, 2)
legalis -> (94, 1)
afterward -> (32, 1)
werewolve -> (88, 1)
wimpy -> (45, 1)
great -> (11, 1), (16, 1), (26, 1), (43, 1), (44, 1), (77, 1), (81, 1), (82, 1), (95, 1), (100, 1)
fine -> (13, 1)
suddenly -> (2, 1), (33, 1), (46, 1), (58, 1), (61, 1), (63, 1), (79, 1), (80, 1)
jail -> (95, 1)
domin -> (82, 1)
statu -> (72, 2), (79, 1), (80, 1)
heero -> (74, 2), (75, 1)
cuisine -> (95, 1)
take -> (7, 1), (17, 2), (18, 2), (20, 1), (21, 2), (31, 1), (41, 1), (47, 1), (56, 2), (61, 1), (63, 1), (64, 1), (69, 1), (77, 1), (82, 1), (86, 1), (87, 1), (94, 1), (95, 4)
newborn -> (11, 1)
annu -> (6, 1)
primula -> (62, 1)
shinn -> (78, 3)
teenag -> (23, 1), (56, 1), (82, 1)
lab -> (96, 1)
karn -> (69, 1)
riche -> (12, 1)
feature -> (16, 1)
dog -> (40, 2)
desc -> (74, 1), (94, 1)
oz -> (74, 2)
misty -> (47, 1)
night -> (10, 1), (52, 1), (60, 1)
caught -> (23, 1), (30, 1), (82, 1)
se -> (11, 1), (13, 1), (31, 1), (46, 1), (60, 3), (97, 2)
revolut -> (28, 1), (76, 3)
raberba -> (75, 1)
schedul -> (21, 1)
asa -> (62, 1)
produc -> (82, 1), (89, 1)
rabbit -> (99, 1)
receiv -> (28, 1)
ninja -> (11, 1), (51, 1)
otome -> (84, 1)
veteran -> (28, 1), (70, 1), (71, 1), (78, 1)
still -> (11, 1), (28, 1)
kimono -> (36, 1)
lodg -> (33, 1)
determin -> (13, 1), (67, 1)
mark -> (51, 1)
unlike -> (4, 1), (42, 1), (89, 1)
spot -> (20, 1)
themself -> (26, 1)
constantly -> (6, 1), (45, 1)
sun -> (16, 1), (20, 1), (75, 1), (97, 1)
wait -> (61, 1)
woke -> (31, 1)
ramificat -> (10, 1)
borrow -> (85, 1)
suppos -> (2, 1)
formerly -> (69, 1)
mousy -> (45, 1)
do -> (62, 2), (65, 1)
ultim -> (40, 1)
niwa -> (45, 1)
koto -> (97, 2)
competit -> (48, 1)
fad -> (42, 1)
brain -> (10, 1), (50, 1)
lie -> (49, 1)
arriv -> (13, 1), (53, 1), (58, 1), (69, 1)
gaku -> (13, 1), (58, 1), (91, 1)
heritage -> (45, 1)
began -> (14, 1)
nam -> (1, 1), (4, 1), (8, 1), (32, 1), (40, 1), (47, 2), (54, 1), (55, 1), (63, 1), (79, 1), (80, 1), (82, 1), (86, 1), (88, 2)
ne -> (24, 2), (28, 1)
dead -> (3, 1), (10, 1), (14, 1)
quite -> (12, 1), (53, 1), (88, 1), (89, 2)
league -> (6, 1), (73, 1)
collide -> (60, 1)
fondnes -> (50, 1)
field -> (95, 1)
t -> (28, 1), (37, 1)
small -> (10, 1), (59, 1), (72, 1), (82, 1), (86, 2)
threat -> (23, 1), (26, 1), (28, 1), (34, 1), (39, 1), (43, 1), (44, 1), (54, 1), (55, 1), (57, 2), (67, 1)
next -> (25, 1), (36, 1), (51, 1), (60, 1), (62, 1), (65, 1)
formid -> (25, 1)
cherry -> (46, 1)
strange -> (1, 1), (2, 1), (34, 1), (38, 1), (39, 1), (40, 1), (45, 1), (50, 1), (97, 1)
fuse -> (30, 1), (50, 1)
guillotine -> (73, 1)
moth -> (23, 1), (25, 1), (45, 2), (72, 1), (81, 1), (86, 1), (87, 1), (95, 4)
hatsune -> (46, 1)
ordin -> (47, 1), (48, 1), (60, 1)
child -> (58, 1), (75, 1), (83, 1)
foremost -> (20, 1)
dist -> (19, 1), (41, 1), (94, 1), (98, 1)
opposite -> (58, 1)
xo -> (21, 1)
abduct -> (75, 1)
lavie -> (82, 1)
arch -> (14, 1)
contain -> (47, 1), (69, 1)
aoi -> (36, 2)
hagumi -> (7, 2)
hench -> (96, 1)
pushe -> (13, 1)
cockpit -> (78, 1), (79, 1), (80, 1)
rat -> (82, 1)
tragedy -> (25, 1)
cunn -> (16, 1)
reconnaiss -> (79, 1), (80, 1)
melancholy -> (60, 1)
harima -> (15, 1)
softie -> (3, 1)
keiichi -> (32, 2), (33, 3)
noth -> (16, 1), (41, 1), (47, 1)
heir -> (51, 5)
shock -> (21, 1)
declarat -> (91, 1)
aristocrat -> (72, 2), (75, 1), (79, 1), (80, 1)
job -> (16, 1), (43, 1), (44, 1), (52, 1), (82, 1), (94, 1)
hawk -> (25, 2)
riiya -> (88, 2)
angry -> (17, 1), (18, 1)
navel -> (62, 1)
kauru -> (36, 1)
oil -> (2, 1)
settl -> (49, 1)
swordsman -> (27, 1), (28, 1)
vis -> (6, 1)
bottom -> (31, 1)
lay -> (3, 1), (35, 3)
monstr -> (11, 1), (43, 1), (44, 1)
betroth -> (36, 1)
ryuusuke -> (40, 1)
iron -> (74, 1)
spe -> (6, 1)
angel -> (22, 1), (23, 2), (24, 1), (34, 2), (35, 4)
famili -> (23, 1), (47, 1), (54, 1), (55, 1), (62, 1)
risk -> (95, 1)
machin -> (54, 1), (55, 1)
except -> (61, 1)
disrupt -> (17, 1), (18, 1)
rage -> (78, 1)
st -> (6, 2), (9, 1), (75, 1), (77, 1)
chii -> (42, 3)
sight -> (2, 1)
commonly -> (13, 1)
legacy -> (37, 1), (45, 1)
strength -> (81, 1), (88, 1)
shangri -> (69, 1)
view -> (90, 1)
shoujo -> (60, 1)
militia -> (73, 1)
face -> (10, 2), (22, 2), (24, 1), (57, 1)
main -> (46, 1)
house -> (48, 1), (49, 1), (85, 1)
rogue -> (67, 1), (96, 1)
junk -> (69, 1)
rog -> (12, 2)
kaoru -> (28, 2), (36, 3)
purchas -> (48, 1)
merciles -> (3, 1), (28, 1)
schoolgirl -> (96, 1)
god -> (34, 1), (62, 3)
comrade -> (70, 1), (71, 1)
leg -> (17, 1), (18, 1)
babylonia -> (72, 1)
rank -> (25, 1), (73, 1)
sell -> (69, 1)
money -> (2, 1), (69, 1), (86, 1), (94, 1)
tall -> (50, 1)
thrill -> (1, 1), (70, 1), (71, 1)
cloud -> (45, 1), (50, 1), (88, 1)
wave -> (23, 2), (94, 1)
attack -> (11, 1), (39, 1), (61, 2), (63, 1), (68, 1), (77, 1), (79, 1), (80, 1), (92, 1)
battle -> (9, 1), (13, 2), (14, 2), (17, 1), (18, 1), (21, 2), (23, 1), (24, 1), (30, 1), (48, 1), (49, 1), (51, 1), (53, 1), (57, 1), (64, 1), (67, 1), (72, 1), (74, 1), (75, 1), (77, 1), (81, 2), (82, 1), (83, 1)
thought -> (12, 1), (42, 1), (46, 1), (48, 1), (85, 1), (86, 1)
sail -> (12, 1)
shin -> (81, 1)
serge -> (54, 1), (55, 1), (57, 1)
high -> (1, 1), (6, 3), (13, 1), (14, 1), (15, 3), (34, 1), (47, 1), (49, 1), (50, 2), (54, 2), (55, 2), (56, 1), (57, 1), (62, 1), (82, 1), (87, 1), (90, 1), (95, 1), (99, 4)
magician -> (88, 2)
amakase -> (46, 1)
runn -> (6, 2), (21, 1), (34, 1), (53, 1)
rei -> (24, 1)
daisuke -> (45, 5)
grey -> (100, 1)
fulltime -> (87, 1)
exist -> (12, 1), (24, 1), (59, 1)
trust -> (96, 1)
shore -> (47, 1)
temple -> (33, 1)
reacquire -> (75, 1)
sci -> (17, 1), (18, 1), (22, 1)
supernova -> (98, 1)
sect -> (26, 3), (53, 1)
neo -> (30, 1), (69, 3), (70, 2), (71, 2), (81, 1)
soldi -> (41, 1), (53, 1), (77, 1)
right -> (50, 1), (57, 1), (92, 1)
minim -> (3, 1)
mirr -> (32, 1)
unalt -> (77, 1)
hyperac -> (11, 1)
ii -> (21, 1)
ensn -> (72, 1)
invit -> (36, 1), (86, 1)
story -> (13, 1), (28, 1), (38, 1), (49, 1), (60, 1), (88, 1), (90, 1), (95, 2)
friend -> (7, 1), (11, 1), (15, 1), (29, 1), (30, 1), (35, 1), (36, 1), (42, 1), (46, 3), (50, 1), (52, 1), (58, 4), (60, 1), (61, 3), (62, 2), (65, 1), (69, 2), (72, 1), (73, 1), (77, 1), (82, 1), (84, 1), (86, 1), (88, 1), (90, 1), (91, 1), (95, 1)
leave -> (3, 1), (26, 1), (99, 1)
dim -> (100, 1)
engag -> (9, 1), (10, 1), (51, 1)
par -> (73, 1), (82, 1)
classm -> (45, 2), (54, 1), (55, 1), (56, 2), (99, 1)
love -> (7, 2), (15, 2), (34, 1), (42, 2), (45, 1), (51, 2), (62, 1), (90, 1)
value -> (92, 1)
rethink -> (52, 1)
stori -> (88, 1)
engine -> (1, 1), (82, 1)
temp -> (21, 1), (50, 2)
b -> (41, 1), (93, 1)
ayumu -> (50, 1)
aunt -> (87, 1)
yuzuyu -> (87, 2)
proclaim -> (74, 1), (90, 1)
frustrat -> (73, 1)
setsuna -> (34, 3)
prefecture -> (9, 1)
pair -> (1, 1)
fath -> (13, 2), (14, 1), (22, 1), (23, 2), (85, 2)
kenkaku -> (27, 1), (28, 1)
forthcom -> (81, 1)
fame -> (12, 1), (40, 1)
ready -> (90, 1)
clan -> (51, 9)
unwill -> (45, 1)
clos -> (86, 1)
vulture -> (76, 1)
destruct -> (3, 1), (16, 1), (19, 1), (22, 1), (30, 1), (78, 1), (81, 1)
impl -> (69, 1)
bell -> (70, 2), (71, 2)
hime -> (84, 2)
seventh -> (49, 1), (93, 1)
stripp -> (26, 1)
fact -> (17, 1), (18, 1), (25, 1), (53, 1), (67, 1), (68, 1), (69, 1)
timid -> (6, 1)
doughnut -> (3, 1)
support -> (25, 1), (57, 1), (96, 1)
terribly -> (41, 1)
energy -> (85, 1)
ecolog -> (82, 1)
lion -> (99, 1)
reunion -> (64, 1)
sure -> (99, 1)
birth -> (11, 1), (77, 1), (78, 1)
period -> (48, 1)
quaint -> (86, 1)
enthusiast -> (53, 1)
card -> (76, 1), (91, 1)
sentai -> (53, 1)
infamously -> (92, 1)
yosuke -> (21, 1)
sensei -> (50, 1)
heard -> (30, 1)
hon -> (53, 1)
differ -> (2, 1), (59, 1), (83, 1), (84, 1), (95, 1), (97, 1)
cannot -> (15, 1), (42, 1)
takino -> (50, 1)
fault -> (5, 1)
nearby -> (89, 1)
compat -> (22, 1)
la -> (69, 1)
army -> (76, 2)
improv -> (21, 1), (26, 1)
anticip -> (70, 1), (71, 1)
ag -> (3, 1), (53, 4), (85, 1)
pad -> (6, 1)
side -> (38, 2), (63, 2), (65, 1), (69, 1), (73, 1), (79, 1), (80, 1), (89, 1), (90, 1)
ir -> (96, 1)
likely -> (59, 1)
popul -> (12, 1), (17, 1), (18, 1), (40, 1), (91, 1)
seisuke -> (8, 1)
hungry -> (68, 1), (99, 1)
gross -> (96, 3)
soci -> (10, 1)
sakura -> (46, 2), (58, 1)
eventu -> (42, 1), (47, 1), (78, 1)
individu -> (1, 1), (2, 1), (4, 1), (17, 1), (18, 1), (54, 1), (55, 1), (58, 1)
gett -> (32, 1)
op -> (62, 1)
federat -> (63, 2), (64, 4), (65, 3), (66, 1), (67, 3), (68, 2), (69, 1), (70, 1), (71, 1), (72, 2), (73, 2), (76, 5)
rightstuf -> (90, 1)
treat -> (17, 1), (18, 1), (58, 1)
make -> (1, 1), (3, 1), (6, 2), (10, 1), (13, 1), (16, 1), (20, 2), (21, 1), (25, 1), (41, 1), (47, 1), (48, 1), (57, 1), (69, 1), (74, 1), (77, 1), (82, 1), (84, 1), (86, 1), (91, 1), (92, 1)
allow -> (28, 1), (46, 1), (47, 1), (73, 1)
completely -> (24, 1)
befit -> (27, 1)
beauty -> (50, 1)
manga -> (88, 1)
rag -> (77, 1)
clov -> (7, 1)
neith -> (74, 1)
culin -> (94, 1)
scheme -> (2, 1), (6, 1), (72, 1)
target -> (2, 1)
misato -> (22, 1)
joy -> (7, 1)
priv -> (54, 1), (55, 1)
claim -> (3, 1), (28, 1), (34, 1), (49, 1), (51, 1)
bowl -> (6, 2)
decid -> (47, 1), (52, 1), (56, 1), (81, 1)
ruthles -> (16, 1), (52, 1)
handyman -> (16, 1)
man -> (3, 1), (17, 1), (18, 1), (25, 1), (27, 3), (29, 1), (77, 1), (81, 1), (85, 1), (89, 1)
agency -> (22, 1)
stag -> (7, 1)
academy -> (46, 3), (53, 1), (58, 4), (62, 1), (83, 1), (84, 1), (98, 1)
prepare -> (49, 1), (53, 1)
warhead -> (67, 1)
ewin -> (73, 1)
identifi -> (36, 1)
form -> (9, 1), (28, 1), (31, 2), (40, 3), (49, 1), (68, 1), (69, 1), (75, 3), (82, 1)
behind -> (1, 1), (43, 1), (44, 1), (81, 1), (93, 1)
femme -> (1, 1)
naruto -> (11, 4)
acros -> (2, 1), (12, 1), (21, 1), (28, 1), (40, 1), (43, 1), (44, 1), (60, 1), (63, 1), (64, 1), (69, 1), (72, 1), (77, 1), (81, 1)
homemade -> (50, 1)
care -> (40, 1), (50, 1), (83, 1)
bre -> (39, 1), (99, 1)
comfort -> (49, 1)
stone -> (79, 1), (80, 1)
champion -> (35, 1), (81, 2)
bett -> (68, 1), (72, 1), (86, 1), (99, 1)
yuuhi -> (89, 1)
test -> (17, 1), (18, 1), (65, 1), (67, 1)
past -> (1, 1), (3, 1), (10, 1), (28, 1), (39, 2), (43, 1), (44, 1), (48, 1), (62, 1), (76, 1), (84, 1)
troop -> (25, 1), (54, 1), (55, 1), (64, 2)
mithril -> (54, 2), (55, 2), (56, 1), (57, 2)
yell -> (20, 1)
skill -> (9, 1), (35, 1), (39, 1), (40, 1), (92, 1), (95, 1)
waste -> (3, 1)
spike -> (1, 1), (2, 1)
bound -> (86, 1)
whenev -> (45, 1), (88, 1)
break -> (3, 1), (65, 1), (72, 1)
kira -> (77, 3)
firearm -> (94, 1)
awak -> (41, 1), (73, 1)
todo -> (9, 1)
yumemiya -> (84, 1)
becom -> (8, 1), (40, 1), (95, 1)
be -> (23, 1), (27, 1), (34, 1), (42, 1), (77, 2), (78, 1)
battlefield -> (25, 1), (54, 1), (55, 1)
bioroid -> (37, 1)
pri -> (11, 1)
caus -> (2, 1), (10, 1), (30, 1), (33, 1), (43, 1), (44, 1), (70, 1), (71, 1), (98, 1)
niihama -> (26, 1)
squadron -> (64, 1)
rum -> (3, 1), (58, 1)
pity -> (47, 1)
straggl -> (64, 1)
contend -> (6, 1)
remn -> (67, 2), (79, 1), (80, 1)
genet -> (1, 1)
repres -> (51, 1)
pol -> (24, 1)
sudd -> (13, 1), (52, 1)
plac -> (2, 1)
kenshin -> (27, 2), (28, 5), (29, 2)
bit -> (38, 1), (39, 1), (90, 1)
maho -> (40, 1)
unveil -> (12, 1)
enroll -> (58, 1), (99, 1)
slight -> (31, 1)
spr -> (2, 1)
puppet -> (26, 3), (86, 1)
disappoint -> (85, 1)
guit -> (40, 3)
hideaki -> (22, 1)
anyone -> (3, 1), (61, 1)
appear -> (48, 1), (57, 1)
stumble -> (28, 1), (31, 1), (52, 1), (65, 1)
participat -> (81, 1)
coordinat -> (77, 4), (78, 1)
l -> (2, 1), (14, 1), (19, 2), (21, 1), (27, 2), (34, 1), (36, 1), (49, 1), (50, 1), (57, 2), (59, 1), (65, 1), (67, 1), (68, 2), (69, 2), (74, 1), (88, 1), (90, 1), (96, 1)
alway -> (16, 1)
wherev -> (3, 1)
robot -> (26, 2), (39, 1), (59, 1), (63, 1), (99, 1)
entail -> (82, 1)
potenti -> (9, 1), (22, 1), (51, 1)
hell -> (34, 1)
bernie -> (65, 2)
throughout -> (12, 1), (28, 1), (84, 1), (88, 1), (97, 1)
emerge -> (28, 1)
rep -> (28, 1)
rebuild -> (76, 1)
laboratory -> (100, 1)
case -> (16, 1), (26, 2), (61, 1)
shinji -> (22, 1), (23, 2), (24, 1)
myst -> (42, 1), (49, 1)
fun -> (3, 1), (12, 1)
casualti -> (2, 1), (78, 1)
beck -> (40, 3)
room -> (7, 1)
cutt -> (54, 1), (55, 1)
rife -> (30, 1)
especi -> (15, 1), (58, 1)
takimi -> (29, 1)
harass -> (40, 1)
candid -> (54, 1), (55, 1)
excell -> (43, 1), (44, 1)
bounty -> (1, 1), (2, 2), (3, 1), (38, 1), (52, 2)
piece -> (12, 3)
wors -> (57, 1)
tallgeese -> (75, 1)
genesi -> (22, 1), (24, 1)
hostile -> (59, 1), (73, 1), (82, 1)
asagiri -> (16, 1)
surround -> (58, 1), (99, 1)
dark -> (1, 1), (5, 2), (12, 1), (25, 1), (43, 1), (44, 1), (45, 1), (49, 1)
supernatur -> (58, 1)
spearhead -> (26, 1)
de -> (41, 1), (47, 2), (56, 1), (62, 1), (69, 1)
score -> (29, 1)
go -> (7, 1), (19, 1), (20, 1), (40, 1), (46, 2), (59, 1), (60, 1), (61, 1), (70, 1), (71, 1), (84, 1), (90, 1), (99, 1)
inspirat -> (13, 1)
destroy -> (16, 1), (21, 1), (65, 1), (75, 1), (89, 1), (98, 1)
headlong -> (23, 1)
shinta -> (27, 1)
occupi -> (85, 1)
befell -> (23, 1)
hanazawa -> (91, 1)
lead -> (2, 1), (6, 1), (10, 1), (11, 2), (12, 1), (17, 1), (18, 1), (21, 1), (25, 1), (30, 2), (31, 1), (34, 1), (40, 2), (70, 1), (71, 1), (74, 2), (76, 1), (84, 1)
tyrann -> (73, 1), (75, 1)
attach -> (86, 1)
actuality -> (3, 1)
thief -> (45, 2)
battousai -> (27, 1), (28, 4), (29, 1)
wayward -> (96, 1)
stat -> (36, 1), (41, 1), (98, 1)
remain -> (16, 1), (21, 1), (42, 1), (47, 1), (59, 1), (64, 1), (67, 2), (68, 1), (69, 1), (77, 2)
eye -> (3, 1), (49, 1), (60, 1), (91, 1)
indestruct -> (74, 1)
ignite -> (30, 1)
childcare -> (87, 1)
six -> (7, 1), (20, 1)
sand -> (16, 1)
ran -> (17, 1), (18, 1), (76, 1)
peak -> (28, 1)
kaneda -> (30, 1)
thu -> (70, 1), (71, 1), (72, 1), (79, 1), (80, 1), (89, 1)
cl -> (16, 1)
buddh -> (33, 1)
tumultu -> (57, 1)
wrongdo -> (94, 1)
heroine -> (96, 1)
stepmoth -> (85, 1)
unusu -> (86, 1)
disarray -> (21, 1), (77, 1)
sound -> (52, 1)
transportat -> (82, 1)
miz -> (100, 1)
dynasty -> (75, 1), (95, 1)
royale -> (51, 1), (92, 1)
direct -> (10, 5), (60, 1), (84, 1)
takane -> (14, 2)
art -> (45, 2), (77, 1)
infam -> (12, 1), (45, 1), (52, 1), (93, 1), (99, 1)
trag -> (39, 1)
kasuga -> (50, 1)
trouble -> (56, 1), (58, 1), (68, 1), (88, 1)
ferret -> (60, 3)
launche -> (63, 1)
toward -> (26, 1), (42, 1), (78, 2), (81, 1)
one -> (4, 1), (5, 1), (7, 2), (10, 3), (12, 4), (13, 3), (15, 1), (16, 1), (17, 2), (18, 2), (21, 3), (24, 1), (25, 2), (26, 1), (28, 1), (29, 2), (30, 1), (33, 1), (41, 1), (42, 2), (45, 2), (46, 1), (47, 4), (49, 1), (50, 1), (51, 1), (52, 1), (62, 1), (63, 1), (64, 1), (67, 2), (68, 1), (70, 2), (71, 2), (72, 1), (74, 1), (75, 2), (76, 1), (78, 1), (79, 1), (80, 1), (87, 1), (90, 1), (91, 1), (92, 2), (99, 1)
kazami -> (46, 2)
grandson -> (51, 1)
look -> (6, 1), (31, 1), (36, 1), (40, 1), (41, 1), (42, 2), (50, 1), (96, 1)
mysteri -> (1, 1), (7, 1), (10, 1), (12, 1), (17, 1), (18, 1), (26, 1), (30, 1), (34, 1), (39, 1), (46, 1), (53, 1), (58, 1), (64, 1), (83, 1), (100, 1)
drink -> (19, 1)
mascot -> (56, 1)
transferr -> (64, 1)
minami -> (40, 1)
te -> (30, 1)
sometime -> (20, 1)
upheav -> (43, 1), (44, 1)
fair -> (16, 1)
campari -> (93, 2)
fellow -> (10, 1), (54, 1), (55, 1)
clue -> (36, 1)
inukai -> (96, 1)
bloodiest -> (94, 1)
skirm -> (64, 1), (65, 1)
stand -> (10, 2), (22, 1), (29, 1), (30, 1), (53, 1), (70, 1), (71, 1), (91, 1)
pod -> (69, 1)
rumble -> (15, 1)
ent -> (23, 1)
accustom -> (6, 1)
daught -> (10, 1), (62, 2), (74, 1)
subaru -> (31, 1)
unexpectedly -> (62, 1)
includ -> (26, 1), (75, 1)
within -> (57, 1), (73, 1)
shortly -> (66, 1)
laught -> (50, 1)
childhood -> (12, 1), (36, 1), (46, 4), (62, 1), (81, 1), (86, 1)
ability -> (54, 1), (55, 1), (83, 1), (96, 1)
bust -> (5, 4)
surg -> (10, 3)
thrust -> (23, 1)
freely -> (82, 1)
standard -> (12, 1), (82, 1)
intui -> (54, 1), (55, 1)
bestow -> (47, 1)
island -> (46, 3), (59, 3)
sub -> (74, 1)
hideki -> (42, 3)
society -> (37, 1), (47, 1), (79, 1), (80, 1)
entertain -> (16, 1)
tri -> (4, 1), (15, 1), (19, 1), (42, 1), (48, 1), (85, 1), (95, 1)
correct -> (79, 1), (80, 1), (96, 2)
renounce -> (24, 1)
trail -> (3, 1), (26, 2)
morality -> (3, 1)
brawl -> (78, 1)
cottage -> (88, 1)
extremely -> (26, 1), (47, 1)
amidst -> (57, 1)
shap -> (46, 1)
citiz -> (17, 1), (18, 1), (26, 1), (47, 1), (94, 1)
nucle -> (67, 1), (76, 1)
blend -> (54, 1), (55, 1)
almost -> (7, 1), (26, 1)
ignore -> (85, 1)
dr -> (10, 7), (42, 1), (57, 1)
routinely -> (73, 1)
spell -> (88, 3)
wind -> (48, 3)
example -> (88, 1)
surpris -> (36, 1)
jet -> (1, 1), (2, 1)
welsh -> (1, 1)
villain -> (3, 1)
chief -> (22, 1)
shigure -> (29, 2)
gott -> (35, 1)
situat -> (3, 1), (10, 1), (15, 2), (19, 1), (57, 1)
let -> (42, 1), (45, 1), (91, 1)
striv -> (73, 1)
summon -> (3, 1), (33, 1), (83, 1), (88, 1)
fire -> (58, 1)
natur -> (38, 1), (77, 2), (78, 3)
seishun -> (13, 1)
sacrif -> (5, 1), (11, 1)
prosthet -> (17, 1), (18, 1)
biolog -> (77, 1), (78, 1)
qawo -> (100, 2)
weapon -> (5, 2), (64, 1), (75, 1), (81, 1)
altern -> (24, 1), (84, 1), (100, 1)
glory -> (12, 1)
regul -> (46, 1)
w -> (14, 1), (17, 1), (18, 1), (19, 2), (21, 1), (27, 1), (28, 1), (29, 1), (30, 1), (33, 2), (34, 1), (37, 2), (41, 1), (47, 2), (51, 2), (56, 1), (63, 1), (64, 1), (65, 2), (67, 2), (68, 1), (69, 2), (70, 1), (71, 1), (72, 1), (75, 2), (76, 3), (77, 2), (78, 2), (79, 1), (80, 1), (86, 3), (88, 1), (91, 2), (95, 2)
opposit -> (74, 1)
entr -> (42, 1), (98, 1)
since -> (5, 1), (23, 2), (28, 1), (45, 1), (90, 1)
cain -> (19, 1)
accus -> (66, 1)
repeat -> (76, 1)
nabe -> (46, 1)
college -> (7, 1), (32, 1), (36, 1), (42, 2), (77, 1)
alfr -> (65, 3)
garn -> (3, 1)
optim -> (58, 1)
corpse -> (25, 1)
might -> (82, 1)
concentr -> (14, 1)
hat -> (78, 1)
assume -> (48, 1)
demand -> (53, 1)
village -> (11, 3), (12, 1)
ray -> (40, 4), (63, 1), (70, 2), (71, 2)
lost -> (43, 1), (44, 1), (61, 1)
find -> (6, 1), (7, 1), (11, 1), (12, 1), (15, 1), (23, 1), (25, 1), (30, 1), (33, 1), (42, 1), (43, 1), (44, 1), (45, 2), (54, 1), (55, 1), (63, 1), (66, 1), (68, 1), (72, 1), (78, 3), (85, 1), (86, 2), (87, 1), (93, 1), (96, 2), (97, 1)
opportunity -> (16, 1), (70, 1), (71, 1), (85, 1)
ryouma -> (13, 3)
hitokiri -> (27, 1), (28, 1), (29, 1)
unlimit -> (12, 1)
kidnap -> (20, 1)
warlord -> (51, 1)
prison -> (93, 2)
chang -> (21, 2), (22, 1), (48, 1), (75, 1)
mast -> (26, 3), (38, 1), (47, 1), (90, 1), (95, 2)
futur -> (26, 1), (38, 1)
operat -> (10, 1), (19, 1), (22, 1), (64, 2), (74, 1), (75, 1)
szechuan -> (95, 2)
edward -> (1, 1), (2, 1)
che -> (28, 1)
fin -> (16, 1), (24, 3), (28, 1), (29, 1), (45, 1), (46, 1), (58, 1), (59, 1), (67, 1), (70, 1), (71, 1), (75, 1), (77, 1)
dollmak -> (48, 1)
enjoy -> (60, 1)
travel -> (1, 1), (12, 1), (19, 1), (28, 1), (39, 1), (81, 1), (84, 1), (92, 1), (95, 1)
latest -> (30, 1), (70, 1), (71, 1)
kazuma -> (20, 5)
rice -> (20, 1)
cruelty -> (73, 1)
mis -> (43, 1), (44, 1), (57, 1), (65, 1), (79, 1), (80, 1)
say -> (3, 1), (20, 1), (34, 1), (42, 1)
authority -> (82, 1), (95, 1)
downhill -> (9, 1)
vash -> (3, 4)
search -> (43, 1), (44, 1), (84, 1), (86, 3)
warr -> (82, 1)
outlook -> (52, 1)
re -> (2, 1), (17, 1), (18, 1), (22, 1), (24, 1), (25, 1), (26, 1), (42, 1), (45, 1), (46, 1), (48, 1), (74, 1), (78, 1), (85, 1), (90, 1), (99, 1)
fifth -> (48, 1)
meet -> (1, 1), (7, 2), (17, 1), (18, 1), (19, 1), (31, 1), (35, 1), (40, 2), (48, 1), (72, 1), (81, 1), (86, 1), (90, 1), (91, 1), (95, 1), (97, 1)
complete -> (58, 1), (96, 1)
katakura -> (87, 1)
sign -> (49, 1)
southeast -> (64, 1)
verbena -> (62, 1)
depres -> (24, 1)
mohawk -> (99, 1)
un -> (31, 2), (76, 1), (99, 1)
huge -> (3, 1), (11, 1), (100, 1)
outlaw -> (1, 1)
van -> (82, 2)
dispirit -> (40, 1)
follow -> (2, 1), (3, 1), (12, 1), (13, 1), (16, 1), (17, 1), (18, 1), (25, 1), (26, 2), (38, 1), (40, 1), (58, 1), (73, 1), (82, 1), (99, 1)
harmoni -> (37, 1)
memori -> (26, 1)
appe -> (32, 1), (38, 1), (43, 1), (44, 1), (46, 2), (48, 1), (57, 1), (60, 1), (87, 1), (92, 1)
command -> (21, 1), (24, 1), (64, 2), (66, 1), (70, 1), (71, 1)
earnestly -> (99, 1)
up -> (50, 1)
guide -> (36, 1)
success -> (8, 1)
rodrigo -> (8, 1)
light -> (1, 1)
misfit -> (30, 1)
quattro -> (68, 1)
tetsuo -> (30, 2)
blue -> (41, 2)
vix -> (16, 1)
humankind -> (70, 1), (71, 1)
hack -> (26, 1), (31, 1)
return -> (49, 1), (57, 1), (87, 1), (89, 1), (97, 2)
orbit -> (73, 1)
tachibana -> (94, 1)
albion -> (67, 2)
prest -> (82, 1)
cardin -> (19, 1)
gone -> (41, 1)
academ -> (50, 1)
unexpect -> (33, 1), (45, 1), (87, 1)
nerv -> (22, 2), (24, 2)
bitt -> (51, 1), (74, 1), (78, 1)
track -> (98, 1)
ceasefire -> (51, 1)
course -> (1, 1), (21, 2)
mindset -> (78, 1)
anime -> (88, 3)
peace -> (1, 1), (28, 1), (46, 1), (51, 1), (54, 1), (55, 1), (57, 1), (59, 1), (61, 1), (67, 1), (70, 1), (71, 1), (74, 1), (75, 1), (79, 1), (80, 1)
mostly -> (79, 1), (80, 1)
custody -> (30, 1)
eagerly -> (70, 1), (71, 1)
throw -> (21, 1)
extens -> (43, 1), (44, 1)
death -> (3, 2), (10, 1), (12, 1), (17, 1), (18, 1), (23, 1), (27, 1), (51, 1), (70, 1), (71, 1), (78, 1), (95, 1)
tell -> (10, 1), (28, 1), (46, 1), (96, 1)
bond -> (23, 1), (46, 1), (92, 1)
venge -> (74, 1), (78, 2)
zech -> (74, 1), (75, 1)
destiny -> (22, 1), (34, 1)
nu -> (70, 1), (71, 1)
key -> (89, 1)
via -> (33, 1)
aya -> (89, 4)
hide -> (6, 1), (50, 1)
toothles -> (12, 1)
octane -> (15, 1)
connect -> (32, 1)
newly -> (17, 1), (18, 1), (67, 1)
see -> (17, 1), (18, 1), (34, 1), (39, 1), (46, 1), (58, 1), (75, 1), (87, 1), (91, 1), (98, 1), (100, 1)
unmatch -> (28, 1)
unity -> (57, 1)
sp -> (16, 1)
corgi -> (1, 1)
pan -> (20, 1)
tank -> (2, 1)
oppon -> (9, 1)
pr -> (17, 1), (18, 1), (51, 1)
unique -> (20, 1), (39, 1), (58, 1)
const -> (30, 1), (50, 1)
victim -> (26, 1)
arno -> (72, 1)
struggl -> (45, 1), (69, 1)
cook -> (50, 1), (94, 2), (95, 5)
alloy -> (74, 1)
monik -> (52, 1)
squad -> (5, 4), (6, 1)
morn -> (46, 1), (47, 1)
tale -> (22, 1), (25, 1), (86, 1)
tsuchimi -> (62, 1)
assassinat -> (74, 1)
foundat -> (98, 2)
particularly -> (20, 1), (52, 1)
sei -> (94, 1)
bike -> (50, 1)
around -> (6, 1), (20, 1), (31, 1), (64, 1), (95, 1)
anti -> (68, 1), (69, 1)
white -> (25, 2), (79, 2), (80, 2)
spid -> (88, 1)
simply -> (17, 1), (18, 1)
br -> (3, 1), (9, 1), (30, 1), (47, 1), (51, 1), (52, 1), (69, 1), (73, 1), (81, 1), (82, 1)
mizuhara -> (50, 1)
seem -> (42, 1), (46, 1), (53, 1), (85, 1)
pilot -> (22, 2), (23, 1), (63, 1), (64, 2), (65, 2), (67, 4), (68, 1), (69, 1), (72, 1), (73, 1), (74, 2), (75, 1), (78, 1), (79, 1), (80, 1), (82, 2)
holy -> (43, 1), (44, 1)
accompany -> (31, 1), (50, 1)
restore -> (72, 1), (76, 1)
katsuragi -> (22, 1)
wasteland -> (3, 1), (16, 1)
hope -> (22, 1), (27, 1), (41, 1), (43, 1), (44, 1), (51, 1), (69, 1), (94, 1), (95, 1)
disappear -> (43, 1), (44, 1), (66, 1), (87, 1)
rosette -> (43, 3), (44, 3)
transformat -> (89, 1)
kendo -> (28, 1)
episode -> (24, 1)
surpas -> (13, 1), (27, 1)
technolog -> (26, 1)
uninhabit -> (1, 1), (70, 1), (71, 1), (79, 1), (80, 1), (81, 1)
extract -> (41, 1)
bloodsh -> (25, 1)
anidb -> (46, 1)
aki -> (89, 1)
soup -> (20, 1)
conflict -> (21, 1), (30, 1), (34, 1), (57, 1), (63, 2), (68, 1), (69, 1), (70, 1), (71, 1), (78, 1), (79, 1), (80, 1), (82, 2)
answ -> (26, 1), (31, 1)
khushrenada -> (75, 2)
gl -> (58, 1)
kanto -> (16, 3)
th -> (7, 2), (16, 1), (41, 1), (48, 1), (86, 1), (87, 1), (90, 1), (99, 1)
mind -> (4, 1), (17, 1), (18, 1), (45, 2), (87, 1), (90, 1)
wage -> (75, 1)
asteroid -> (70, 1), (71, 1)
phantom -> (45, 1)
softnes -> (27, 1)
cute -> (62, 1)
density -> (1, 1)
lately -> (90, 1)
ssr -> (9, 1)
institut -> (30, 1), (58, 1)
materi -> (74, 1), (83, 1)
tweak -> (31, 1)
early -> (46, 1)
develop -> (30, 1), (52, 1), (63, 1), (65, 1), (67, 2)
truck -> (47, 2)
vendetta -> (29, 1)
bug -> (41, 1)
ide -> (24, 1), (28, 1)
expectat -> (13, 1)
norm -> (16, 1), (46, 1), (48, 1), (54, 1), (55, 1), (56, 1), (57, 1), (58, 1), (61, 1), (62, 1), (90, 1)
despite -> (43, 1), (44, 1), (47, 1), (58, 1)
skuld -> (32, 1)
fat -> (45, 1)
act -> (1, 1), (2, 1), (14, 1), (27, 1), (98, 1)
improve -> (95, 1)
shown -> (68, 1)
busines -> (17, 1), (18, 1)
wishe -> (23, 1), (49, 1)
hatr -> (77, 1)
bathe -> (89, 1)
unit -> (22, 2), (23, 1), (42, 1), (67, 1), (70, 1), (71, 1), (74, 1)
closely -> (2, 1)
hijack -> (50, 1)
equ -> (85, 1)
floristica -> (100, 1)
continue -> (19, 2), (20, 1), (25, 1), (56, 1), (57, 1), (64, 1), (95, 1)
compromis -> (24, 1)
chapt -> (49, 1)
couri -> (82, 2)
distanc -> (49, 1)
brink -> (17, 1), (18, 1), (22, 1)
beneath -> (22, 1), (27, 1)
ulteri -> (81, 1)
alone -> (33, 1), (36, 1), (42, 1)
hung -> (89, 1)
acquaint -> (31, 1)
empty -> (36, 1)
marry -> (36, 1)
kaname -> (54, 2), (55, 2), (56, 3), (57, 3)
featur -> (84, 1)
part -> (1, 1), (7, 1), (26, 1), (36, 1), (53, 2), (64, 1)
principality -> (63, 1), (64, 1), (65, 1), (67, 1), (68, 1), (73, 1)
scroll -> (51, 1)
shiine -> (88, 2)
bully -> (34, 1)
asia -> (64, 1)
risa -> (45, 2)
ayumi -> (7, 1)
study -> (42, 2)
title -> (3, 1), (6, 1), (12, 1), (14, 1), (95, 1)
language -> (47, 1)
yuji -> (41, 2)
robust -> (85, 1)
kill -> (4, 1), (27, 1), (28, 3), (52, 1), (78, 1), (89, 1)
knee -> (30, 1)
hero -> (12, 1), (22, 1), (75, 1)
morisato -> (32, 1), (33, 1)
tatami -> (7, 1)
sousuke -> (54, 3), (55, 3), (56, 3), (57, 3)
mage -> (60, 3), (61, 4)
female -> (38, 1), (87, 1)
clash -> (60, 1)
pantasia -> (20, 1)
pack -> (20, 1)
roz -> (48, 2), (49, 4)
storm -> (21, 1), (25, 1)
line -> (12, 2), (13, 1), (25, 1), (59, 2)
embark -> (1, 1), (10, 1), (98, 1)
wint -> (70, 1), (71, 1), (76, 1)
terr -> (26, 1), (28, 1), (30, 1), (54, 1), (55, 1), (57, 1)
tanizaki -> (50, 1)
happines -> (85, 1)
beryl -> (53, 1)
will -> (26, 1)
amnesia -> (31, 1)
elus -> (45, 1)
region -> (95, 1)
prevail -> (75, 1)
affect -> (23, 1), (62, 1)
acquire -> (65, 1)
mill -> (66, 1)
memory -> (1, 1), (36, 1)
gato -> (67, 2)
upcom -> (49, 1)
worthy -> (48, 1)
fl -> (67, 1)
milit -> (54, 1), (55, 1), (74, 1), (77, 2), (78, 1)
mag -> (20, 1), (31, 1), (38, 1), (46, 1), (60, 1), (61, 1), (85, 2), (88, 2)
protagon -> (19, 1)
bureau -> (61, 1)
enemi -> (12, 1), (28, 1), (38, 1), (81, 1), (84, 1)
recognit -> (25, 1)
wond -> (12, 1), (20, 1)
issue -> (9, 1)
delaz -> (67, 2)
steps -> (85, 2)
hellb -> (99, 1)
marriage -> (51, 1)
surv -> (6, 1), (41, 1), (53, 1), (82, 1)
desert -> (16, 7)
nev -> (3, 1), (28, 1), (30, 1), (70, 1), (71, 1), (99, 1)
gard -> (85, 1)
clueles -> (90, 1)
execu -> (21, 1)
irreversibly -> (22, 1)
mah -> (60, 1)
disast -> (82, 1), (85, 1)
planet -> (1, 2), (3, 1), (64, 1), (70, 1), (71, 1), (76, 1), (77, 1), (79, 1), (80, 1), (81, 1), (82, 1), (92, 1)
mizukoshi -> (46, 1)
source -> (4, 1), (8, 1), (14, 1), (21, 1), (29, 1), (37, 1), (38, 1), (43, 1), (44, 1), (46, 1), (53, 1), (56, 1), (59, 1), (66, 1), (84, 1), (85, 1), (88, 1), (90, 1), (91, 1), (95, 1), (96, 1), (97, 1), (98, 1), (100, 1)
guy -> (90, 2)
challenge -> (9, 2), (95, 1)
tre -> (75, 2)
himalaya -> (66, 1)
din -> (40, 1)
aid -> (1, 1), (22, 1), (65, 1)
akiyuki -> (60, 1)
minute -> (21, 1)
serv -> (39, 1)
betray -> (57, 1), (81, 1)
elk -> (38, 2)
anci -> (22, 1)
problemat -> (58, 1)
reform -> (28, 1)
guard -> (59, 1), (97, 1)
junnichi -> (46, 4)
kyohei -> (94, 2)
trio -> (3, 1), (39, 1), (90, 1)
should -> (22, 1)
com -> (42, 1), (49, 1), (50, 1), (54, 1), (55, 1), (74, 1), (79, 1), (80, 1), (89, 1)
centr -> (59, 1), (73, 1)
zanscare -> (73, 4)
undisturb -> (59, 1)
reve -> (2, 1), (12, 1), (39, 1), (54, 1), (55, 1), (60, 1), (79, 1), (80, 1), (90, 1)
divi -> (4, 2)
bizarre -> (16, 1)
stop -> (19, 1), (61, 1), (67, 1), (70, 1), (71, 1), (96, 2)
tow -> (3, 1), (13, 1), (97, 1)
ti -> (39, 1)
could -> (2, 1), (21, 1), (23, 1), (30, 1), (33, 1), (45, 1), (47, 1), (95, 1), (99, 1)
unanim -> (81, 1)
zaku -> (65, 1)
bas -> (62, 1), (88, 1), (98, 1)
advantage -> (78, 1)
away -> (5, 1), (6, 1), (22, 1), (58, 1), (67, 1), (97, 2)
chain -> (41, 1)
horse -> (99, 1)
valentine -> (1, 1)
usurpat -> (95, 1)
motorcycle -> (30, 1)
anyth -> (61, 2), (92, 1)
fight -> (13, 1), (14, 1), (17, 2), (18, 2), (23, 1), (29, 1), (35, 1), (39, 1), (41, 2), (43, 1), (44, 1), (45, 1), (49, 1), (51, 3), (57, 1), (59, 1), (64, 1), (73, 1), (75, 1), (81, 3), (83, 1)
kusaka -> (21, 1)
lady -> (46, 1)
smoke -> (2, 1)
compos -> (77, 1)
jasp -> (53, 1)
police -> (1, 1), (94, 1)
patiently -> (61, 1)
truth -> (43, 1), (44, 1), (59, 1), (81, 1)
escape -> (6, 1), (13, 1), (69, 1), (93, 1)
azuma -> (20, 1)
confes -> (15, 1), (45, 1)
texhnolyze -> (17, 4), (18, 4)
damn -> (16, 1)
navigat -> (21, 1), (82, 1)
coincide -> (68, 1)
kasai -> (47, 1)
haunt -> (10, 1), (49, 1)
bittersweet -> (15, 1), (50, 1)
profess -> (34, 1), (96, 1)
rest -> (10, 1), (13, 1), (23, 1), (27, 1), (30, 1), (50, 1), (89, 1)
wheel -> (25, 1)
c -> (3, 1), (53, 1), (59, 1), (87, 1)
demon -> (11, 1), (34, 2), (43, 5), (44, 5), (62, 3)
enthusiasm -> (50, 1)
racan -> (17, 1), (18, 1)
whose -> (20, 1), (50, 2), (74, 1), (77, 1)
provide -> (26, 1)
rurouni -> (27, 1), (28, 1)
problem -> (2, 1), (31, 1), (57, 1), (86, 1)
suppli -> (36, 1)
amaz -> (40, 1)
arbitr -> (82, 1)
item -> (31, 1)
countri -> (81, 1), (82, 1)
unaware -> (45, 1)
agre -> (20, 1)
rebel -> (29, 1), (70, 1), (71, 1), (72, 1), (74, 1)
crossbone -> (72, 2), (73, 1)
head -> (2, 1), (3, 1), (11, 1), (22, 2), (25, 1), (34, 1), (45, 1), (50, 1), (52, 1), (69, 1), (78, 1), (82, 1)
saiga -> (5, 1)
repair -> (17, 1), (18, 1), (23, 1), (69, 1)
yoshino -> (46, 1)
sweet -> (46, 1), (58, 1)
rul -> (63, 1), (74, 1), (81, 1)
shatt -> (23, 1), (61, 1), (75, 1)
barton -> (75, 1)
ryousuke -> (9, 2)
out -> (70, 1), (71, 1)
surpr -> (46, 1), (79, 1), (80, 1)
gre -> (68, 1)
cecily -> (72, 2)
pir -> (12, 6)
clumsy -> (45, 1), (88, 1)
establ -> (43, 1), (44, 1), (72, 1), (94, 1)
depth -> (22, 1)
donn -> (52, 1)
speci -> (4, 1), (19, 1), (22, 1), (42, 1), (48, 1), (54, 1), (55, 1), (64, 1), (65, 1)
though -> (17, 1), (18, 1), (45, 1), (57, 1), (84, 1), (99, 1)
seemingly -> (10, 1), (37, 1)
accomplish -> (10, 1)
shirakawa -> (46, 1)
second -> (15, 1), (23, 1), (41, 3)
surpass -> (82, 1)
haughty -> (48, 1)
addit -> (1, 1), (13, 1), (25, 1), (36, 1), (50, 1)
kenz -> (10, 1)
keep -> (1, 1), (34, 1), (76, 1), (79, 1), (80, 1), (84, 1), (89, 1), (97, 1), (98, 1)
punk -> (16, 1), (99, 1)
applaud -> (10, 1)
cosmo -> (72, 1)
covet -> (12, 1)
birthday -> (45, 1), (89, 1)
west -> (13, 1)
bath -> (7, 1)
motosuwa -> (42, 1)
polite -> (99, 1)
point -> (3, 1), (90, 1)
motoko -> (26, 3)
true -> (13, 1), (22, 1), (29, 1), (34, 1), (54, 1), (55, 1)
drop -> (76, 1)
foe -> (11, 1), (48, 1), (49, 1)
swelt -> (16, 1)
perv -> (16, 1)
use -> (17, 2), (18, 2), (75, 1), (76, 1), (82, 1), (94, 1)
apparently -> (62, 1), (99, 1)
arena -> (14, 1)
push -> (3, 1), (41, 1), (84, 1)
mild -> (99, 1)
down -> (50, 1)
devastat -> (36, 1), (58, 1), (69, 1), (72, 1), (76, 1), (79, 1), (80, 1)
dispute -> (51, 1), (82, 1)
neurosurgeon -> (10, 1)
transform -> (6, 1), (45, 1)
mobile -> (63, 2), (65, 1), (66, 1), (69, 1), (70, 1), (71, 1), (72, 1), (73, 1), (74, 1), (75, 3), (76, 2), (77, 2), (78, 2), (79, 1), (80, 1)
imprint -> (47, 1)
history -> (21, 3), (43, 1), (44, 1)
work -> (4, 1), (7, 1), (10, 1), (17, 1), (18, 1), (45, 1), (52, 1), (54, 1), (55, 1), (78, 1), (79, 1), (80, 1), (88, 1), (89, 1)
priestes -> (97, 1), (100, 1)
mai -> (84, 2)
replac -> (4, 1), (39, 1), (41, 1), (100, 1)
lov -> (46, 1), (50, 1)
centuri -> (51, 1), (86, 1)
filmwork -> (53, 1)
sevente -> (54, 1), (55, 1)
month -> (34, 1), (63, 1)
moment -> (53, 1)
single -> (96, 1)
tennyo -> (89, 4)
stud -> (7, 1), (32, 1), (34, 1), (36, 1), (45, 1), (47, 1), (50, 4), (53, 4), (54, 1), (55, 1), (58, 2), (62, 1), (77, 1), (88, 1), (94, 1), (99, 2)
beginn -> (95, 1)
zeon -> (63, 3), (64, 5), (65, 4), (66, 1), (67, 3), (68, 4), (69, 4), (70, 2), (71, 2), (73, 1)
taught -> (46, 1), (59, 1), (88, 1)
referr -> (1, 1)
knuckle -> (11, 1)
reward -> (1, 1)
retire -> (100, 1)
network -> (96, 1)
crusnik -> (19, 1)
complet -> (52, 1)
tourna -> (6, 1), (14, 1), (35, 1), (81, 2)
sforza -> (19, 1)
horr -> (41, 1), (58, 1), (77, 1)
nature -> (15, 1), (16, 1), (26, 1), (50, 1)
parti -> (26, 1)
short -> (50, 1)
recruit -> (6, 1), (25, 1)
marri -> (100, 1)
place -> (4, 1), (11, 1), (17, 2), (18, 2), (30, 1), (36, 1), (40, 1), (41, 1), (61, 1), (95, 3), (97, 1)
embrace -> (25, 1)
diskenth -> (52, 1)
woman -> (33, 1)
garrod -> (76, 1)
confin -> (30, 1), (47, 1)
nemu -> (46, 3)
way -> (6, 2), (10, 1), (29, 1), (31, 1), (36, 2), (41, 1), (42, 1), (72, 1), (78, 1), (87, 1), (91, 1), (95, 1), (97, 2)
organ -> (4, 1), (22, 1), (43, 2), (44, 2), (52, 1), (54, 2), (55, 2), (57, 1), (74, 2), (77, 1), (82, 1)
city -> (2, 1), (17, 4), (18, 4), (23, 1), (26, 2), (30, 3), (37, 1), (58, 1), (64, 1), (94, 1), (100, 1)
extingu -> (54, 1), (55, 1)
combat -> (26, 1), (43, 1), (44, 1), (73, 1), (94, 1), (97, 1)
chas -> (1, 1), (2, 1)
absurdity -> (50, 1)
couple -> (56, 1)
boomerang -> (14, 1)
ultimately -> (12, 1), (51, 1)
diff -> (58, 1)
time -> (21, 1), (22, 1), (23, 1), (34, 1), (39, 1), (42, 1), (49, 1), (57, 1), (58, 1), (60, 1), (61, 1), (62, 1), (70, 1), (71, 1), (85, 1), (87, 1), (88, 1), (89, 1)
moon -> (1, 1), (27, 1), (79, 3), (80, 3)
metall -> (83, 1)
capture -> (4, 1), (12, 1)
gorge -> (33, 1)
romantan -> (27, 1), (28, 1)
crazy -> (3, 1), (12, 1)
encount -> (19, 1), (21, 1), (30, 1), (56, 1), (62, 1), (65, 1), (66, 1), (74, 1)
mann -> (67, 1), (99, 1)
currently -> (63, 1)
knight -> (31, 3), (85, 1)
dojo -> (28, 2)
measure -> (52, 1)
towle -> (100, 1)
beast -> (11, 1), (38, 2)
bubble -> (22, 1)
colony -> (63, 2), (65, 4), (68, 1), (69, 2), (73, 1), (74, 2), (75, 1), (76, 2), (77, 2), (81, 3)
system -> (1, 2), (21, 1), (72, 1), (98, 1)
temporarily -> (28, 1)
orphan -> (17, 1), (18, 1), (82, 1), (83, 1)
yui -> (96, 2)
actu -> (20, 1), (46, 1), (89, 1)
bidan -> (68, 1)
haples -> (90, 1)
beauti -> (32, 1), (36, 1), (85, 1)
future -> (17, 1), (18, 1), (19, 1), (23, 1), (24, 1), (37, 1), (39, 1), (41, 1), (57, 1), (81, 1), (94, 1), (96, 1)
picture -> (22, 1)
sinn -> (43, 1), (44, 1)
union -> (17, 1), (18, 1), (68, 1), (69, 1)
enorm -> (7, 1), (88, 1)
sequel -> (84, 1)
marqu -> (74, 1), (75, 1)
natto -> (20, 1)
entirely -> (26, 1)
machine -> (22, 1), (23, 1)
yoshihiko -> (90, 1)
tot -> (53, 1)
predecess -> (84, 1)
mobil -> (67, 1)
makino -> (91, 1)
christma -> (6, 2)
resid -> (48, 1), (79, 1), (80, 1)
common -> (72, 1), (94, 1)
neutr -> (65, 1), (77, 1), (78, 1)
leth -> (94, 1)
offens -> (25, 1)
havoc -> (10, 1), (11, 1), (99, 1)
thrown -> (1, 1), (63, 1), (77, 1), (89, 1)
prev -> (30, 2), (54, 1), (55, 1), (67, 1), (98, 1)
swore -> (27, 1)
retake -> (64, 1), (67, 1)
spirit -> (84, 1)
pursue -> (2, 1)
run -> (25, 1), (58, 1), (64, 1), (77, 1)
kano -> (8, 1)
flight -> (82, 1)
evolve -> (3, 1)
cryst -> (82, 1)
uncov -> (58, 1), (81, 1)
identity -> (6, 1), (29, 1), (34, 1), (54, 1), (55, 1)
race -> (9, 1), (41, 1), (47, 1)
blast -> (2, 1)
chao -> (37, 1), (95, 1)
crimin -> (10, 1), (17, 1), (18, 1), (26, 1), (81, 1), (94, 1)
jinnai -> (100, 1)
philosoph -> (26, 1)
free -> (47, 1), (48, 1)
tal -> (7, 1), (22, 1)
ch -> (63, 1), (68, 1), (70, 4), (71, 4), (76, 1), (100, 1)
hang -> (24, 1)
wavemast -> (31, 1)
check -> (79, 1), (80, 1)
takamachi -> (60, 1)
investigat -> (2, 1)
sep -> (81, 1), (82, 1)
type -> (64, 1)
traumat -> (48, 1)
hokage -> (11, 2)
kasshu -> (81, 1)
best -> (6, 1), (13, 3), (20, 1), (30, 1), (50, 1), (51, 1), (58, 3), (73, 1), (82, 1), (95, 2)
gol -> (12, 1)
path -> (25, 1), (52, 1)
togeth -> (17, 1), (18, 1), (40, 1), (46, 1), (50, 1), (53, 1), (61, 1), (62, 1), (87, 1)
rac -> (9, 2)
peculi -> (50, 1)
profound -> (74, 1)
increasingly -> (43, 1), (44, 1)
kenzaki -> (14, 1)
rom -> (15, 3), (33, 1), (42, 1), (90, 2)
creat -> (48, 1), (68, 2), (72, 1), (88, 1), (96, 1)
johan -> (10, 1)
meryl -> (3, 1)
america -> (43, 1), (44, 1), (46, 1)
chr -> (27, 1)
properly -> (15, 1)
arf -> (61, 1)
shot -> (65, 1)
consci -> (10, 1)
spiegel -> (1, 1)
price -> (2, 1)
climb -> (25, 1)
odessa -> (64, 1)
quarantine -> (30, 1)
relocat -> (70, 1), (71, 1)
senseles -> (16, 1)
conspiracy -> (38, 1)
surviv -> (6, 1), (16, 1), (25, 1), (37, 1), (77, 1), (79, 1), (80, 1)
gentle -> (50, 1)
butt -> (56, 1)
turmoil -> (72, 1)
civil -> (75, 1)
helmet -> (6, 2)
chimera -> (38, 1)
accept -> (24, 1), (81, 1), (85, 1), (94, 1)
bat -> (6, 1)
rely -> (19, 1)
comp -> (8, 1)
trickst -> (1, 1)
inside -> (11, 2), (46, 1), (48, 1), (65, 1), (79, 1), (80, 1)
invade -> (76, 1)
eitoku -> (91, 1)
ultimatum -> (24, 1)
imai -> (58, 1)
share -> (7, 1), (43, 1), (44, 1)
plight -> (15, 1)
ronah -> (72, 2)
celesti -> (89, 1)
incomprehens -> (59, 1)
trump -> (76, 1)
quatre -> (75, 1)
etern -> (34, 1)
western -> (1, 1), (40, 1)
millennium -> (79, 1), (80, 1)
reject -> (45, 1)
kumo -> (88, 2)
jo -> (94, 1)
